    367	   1060
    492	   1065
    655	   1098
    749	   1023
    779	   1039
    818	   1093
   1061	   1096
   1597	   1002
   1624	   1072
   1810	   1035
   1827	   1007
   1922	   1038
   2136	   1078
   2165	   1098
   2290	   1030
   2330	   1085
   2380	   1098
   2383	   1055
   2412	   1007
   2413	   1100
   2414	   1017
   2416	   1010
   2437	   1072
   2452	   1073
   2453	   1096
   2469	   1061
   2543	   1061
   2559	   1004
   2626	   1070
   2641	   1051
   2652	   1079
   2682	   1054
   2684	   1072
   2699	   1051
   2704	   1088
   2711	   1015
   2900	   1031
   2901	   1068
   2902	   1074
   2903	   1065
   2904	   1073
   2905	   1034
   2925	   1088
   2964	   1012
   2969	   1033
   2988	   1082
   3131	   1091
   3184	   1000
   3216	   1042
   3217	   1011
   3218	   1014
   3220	   1044
   3221	   1080
   3231	   1043
   3255	   1024
   3272	   1042
   3363	   1087
   3431	   1083
   3478	   1030
   3480	   1076
   3481	   1036
   3482	   1075
   3483	   1078
   3486	   1015
   3677	   1027
   3736	   1040
   3738	   1060
   3748	   1052
   3876	   1099
   4000	   1037
   4133	   1079
   4134	   1001
   4254	   1003
   4271	   1066
   4272	   1075
   4294	   1032
   4383	   1016
   4389	   1021
   4522	   1036
   4524	   1080
   4548	   1093
   4560	   1050
   4617	   1076
   4618	   1024
   4773	   1055
   4777	   1066
   4867	   1066
   4886	   1026
   5022	   1059
   5118	   1071
   5144	   1053
   5305	   1032
   5307	   1016
   5397	   1082
   5398	   1020
   5450	   1080
   5502	   1041
   5652	   1022
   5653	   1048
   5684	   1041
   5755	   1092
   5783	   1081
   5833	   1055
   5906	   1032
   5907	   1019
   5959	   1031
   5993	   1013
   6038	   1045
   6039	   1068
   6137	   1050
   6161	   1004
   6162	   1007
   6246	   1015
   6263	   1099
   6266	   1028
   6291	   1007
   6307	   1010
   6331	   1067
   6389	   1036
   6411	   1067
   6496	   1067
   6497	   1088
   6499	   1041
   6500	   1048
   6516	   1100
   6727	   1029
   6750	   1047
   6751	   1089
   6752	   1025
   6753	   1025
   6846	   1069
   6915	   1054
   7031	   1012
   7032	   1064
   7289	   1087
   7358	   1001
   7407	   1034
   7490	   1019
   7492	   1100
   7543	   1059
   7549	   1068
   7616	   1041
   7666	   1047
   7667	   1072
   7681	   1028
   7682	   1095
   7759	   1051
   7760	   1045
   7761	   1035
   7762	   1077
   7798	   1094
   7799	   1007
   7824	   1061
   7875	   1021
   8011	   1089
   8020	   1065
   8021	   1084
   8022	   1012
   8031	   1015
   8053	   1054
   8084	   1073
   8104	   1017
   8187	   1001
   8189	   1090
   8204	   1082
   8205	   1072
   8251	   1062
   8253	   1042
   8254	   1054
   8281	   1083
   8291	   1074
   8344	   1069
   8348	   1089
   8368	   1082
   8450	   1078
   8465	   1098
   8505	   1004
   8508	   1073
   8565	   1001
   8603	   1042
   8707	   1070
   8711	   1035
   8729	   1069
   8730	   1042
   8809	   1052
   8810	   1033
   8811	   1049
   8812	   1072
   8827	   1056
   8894	   1087
   8920	   1069
   8922	   1038
   8934	   1005
   8970	   1050
   8974	   1065
   8975	   1034
   8976	   1073
   8979	   1070
   8993	   1022
   8994	   1082
   8995	   1029
   9120	   1025
   9122	   1088
   9123	   1087
   9183	   1016
   9228	   1095
   9229	   1085
   9230	   1045
   9231	   1058
   9269	   1038
   9434	   1003
   9483	   1056
   9484	   1073
   9823	   1083
   9994	   1016
  10058	   1000
  10075	   1073
  10110	   1004
  10130	   1079
  10134	   1081
  10251	   1067
  10313	   1030
  10316	   1023
  10317	   1042
  10318	   1043
  10334	   1009
  10529	   1037
  10568	   1021
  10840	   1021
  10889	   1005
  10894	   1077
  10898	   1011
  11165	   1089
  11169	   1056
  11170	   1056
  11171	   1084
  11173	   1011
  11178	   1008
  11179	   1039
  11183	   1084
  11251	   1076
  11272	   1004
  11447	   1066
  11448	   1095
  11449	   1045
  11450	   1033
  11456	   1023
  11459	   1068
  11465	   1053
  11529	   1083
  11533	   1054
  11727	   1045
  11736	   1013
  11739	   1064
  11744	   1039
  11745	   1061
  12019	   1022
  12021	   1001
  12023	   1036
  12301	   1073
  12303	   1083
  12589	   1068
  12873	   1051
  13274	   1010
  13336	   1071
  13338	   1034
  13341	   1046
  13344	   1066
  13563	   1062
  13610	   1093
  13612	   1099
  13817	   1026
  13823	   1042
  13824	   1025
  13825	   1039
  13826	   1004
  13862	   1038
  13900	   1092
  13908	   1014
  13934	   1053
  13935	   1040
  13969	   1085
  14125	   1056
  14126	   1014
  14160	   1019
  14208	   1055
  14209	   1093
  14210	   1006
  14211	   1081
  14318	   1034
  14429	   1073
  14430	   1075
  14434	   1081
  14464	   1084
  14507	   1054
  14515	   1047
  14516	   1004
  14520	   1031
  14521	   1078
  14753	   1051
  14758	   1020
  14785	   1088
  14847	   1009
  14897	   1100
  14964	   1029
  15082	   1031
  15111	   1005
  15169	   1079
  15170	   1079
  15171	   1039
  15175	   1004
  15176	   1067
  15292	   1075
  15414	   1005
  15425	   1014
  15445	   1023
  15511	   1068
  15512	   1006
  15513	   1081
  15514	   1054
  15625	   1091
  15766	   1002
  16108	   1001
  16130	   1021
  16451	   1030
  16536	   1080
  16548	   1072
  16793	   1014
  16991	   1025
  17007	   1037
  17134	   1005
  17350	   1043
  17478	   1012
  17484	   1013
  17485	   1017
  17486	   1005
  17487	   1020
  17488	   1020
  17491	   1026
  17838	   1080
  18279	   1037
  18682	   1049
  18684	   1053
  18982	   1076
  19037	   1025
  19284	   1075
  19644	   1079
  19974	   1066
  20163	   1046
  20328	   1018
  20474	   1030
  20523	   1002
  20684	   1026
  21045	   1056
  21410	   1075
  21630	   1036
  22348	   1014
  22732	   1085
  22746	   1073
  23124	   1098
  23137	   1055
  23543	   1099
  24118	   1036
  24122	   1007
  24125	   1037
  24240	   1088
  24320	   1009
  24350	   1081
  24463	   1069
  24519	   1037
  24637	   1033
  24857	   1086
  24858	   1061
  24859	   1037
  24860	   1056
  24911	   1022
  24916	   1045
  25035	   1032
  25252	   1073
  25253	   1038
  25254	   1045
  25307	   1025
  25309	   1017
  25312	   1012
  25525	   1006
  25643	   1041
  25644	   1032
  25702	   1000
  25898	   1076
  25918	   1018
  26036	   1055
  26037	   1069
  26038	   1091
  26094	   1041
  26117	   1018
  26297	   1095
  27124	   1067
  27284	   1056
  27521	   1085
  28979	   1052
  28980	   1081
  30056	   1018
  30141	   1063
  30275	   1063
  30434	   1011
  30435	   1015
  30438	   1011
  30781	   1099
  31003	   1089
  31021	   1100
  31025	   1097
  31236	   1025
  31238	   1095
  31312	   1001
  31362	   1028
  31376	   1026
  31398	   1066
  31448	   1084
  31592	   1033
  31593	   1086
  31726	   1055
  31728	   1088
  31729	   1003
  31956	   1044
  32012	   1093
  32107	   1098
  32141	   1027
  32227	   1012
  32290	   1017
  32435	   1095
  32574	   1080
  32647	   1094
  32654	   1072
  32802	   1025
  32834	   1078
  32921	   1044
  32987	   1079
  32999	   1039
  33139	   1055
  33268	   1065
  33338	   1032
  33344	   1051
  33345	   1021
  33478	   1023
  33488	   1060
  33489	   1097
  33560	   1010
  33737	   1080
  33866	   1084
  33897	   1034
  34017	   1082
  34018	   1085
  34019	   1072
  34165	   1079
  34168	   1034
  34207	   1071
  34359	   1031
  34360	   1093
  34367	   1063
  34509	   1068
  34513	   1016
  34549	   1013
  34550	   1075
  34699	   1042
  34856	   1008
  35308	   1014
  35316	   1032
  35375	   1038
  35422	   1099
  35473	   1013
  35561	   1051
  35650	   1020
  35887	   1015
  36554	   1038
  36882	   1087
  37168	   1015
  38157	   1042
  38211	   1090
  38497	   1003
  38523	   1085
  38524	   1031
  38663	   1055
  38732	   1040
  38996	   1006
  39087	   1076
  39167	   1046
  39738	   1039
  39894	   1014
  40095	   1085
  40097	   1066
  40224	   1023
  40305	   1000
  40434	   1071
  40435	   1078
  40438	   1039
  40656	   1018
  40657	   1033
  40658	   1048
  40659	   1039
  40661	   1039
  40766	   1085
  40769	   1062
  40960	   1022
  40989	   1058
  40991	   1031
  40995	   1018
  41290	   1029
  41326	   1059
  41411	   1065
  41424	   1074
  41425	   1019
  41559	   1081
  41626	   1008
  41661	   1061
  41663	   1098
  41738	   1066
  41750	   1053
  41878	   1050
  41981	   1010
  42082	   1049
  42083	   1078
  42091	   1041
  42105	   1049
  42222	   1059
  42451	   1029
  42692	   1001
  42693	   1038
  42800	   1029
  43142	   1062
  43387	   1073
  43472	   1093
  43672	   1051
  43699	   1008
  43990	   1000
  44018	   1051
  44025	   1053
  44035	   1079
  44039	   1086
  44114	   1070
  44320	   1007
  44343	   1028
  44345	   1069
  44349	   1081
  44358	   1049
  44632	   1006
  44656	   1004
  44669	   1020
  44672	   1045
  44675	   1043
  44947	   1012
  44982	   1051
  44985	   1061
  45063	   1036
  45299	   1047
  45621	   1005
  45919	   1099
  46110	   1065
  46222	   1076
  46224	   1023
  46378	   1005
  46426	   1080
  46427	   1098
  46428	   1030
  46555	   1001
  46560	   1004
  46870	   1010
  46872	   1086
  46888	   1017
  47064	   1001
  47137	   1078
  47182	   1054
  47201	   1052
  47331	   1096
  47332	   1053
  47455	   1030
  47514	   1033
  47517	   1098
  47840	   1063
  47913	   1085
  47955	   1074
  48017	   1035
  48018	   1020
  48160	   1080
  48348	   1050
  48349	   1068
  48350	   1029
  48388	   1009
  48558	   1095
  48663	   1098
  48674	   1094
  48675	   1008
  48797	   1029
  48882	   1084
  49003	   1019
  49004	   1005
  49129	   1004
  49324	   1011
  49325	   1005
  49326	   1087
  49327	   1100
  49338	   1047
  49339	   1054
  49340	   1019
  49341	   1003
  49457	   1034
  49666	   1007
  49669	   1083
  49671	   1070
  49672	   1041
  49674	   1062
  49675	   1039
  49676	   1047
  49794	   1007
  50003	   1008
  50007	   1085
  50008	   1063
  50009	   1056
  50012	   1069
  50013	   1057
  50014	   1048
  50016	   1088
  50018	   1087
  50020	   1013
  50026	   1041
  50027	   1076
  50352	   1046
  50355	   1008
  50356	   1063
  50357	   1078
  50360	   1083
  50361	   1056
  50383	   1001
  50598	   1062
  50704	   1021
  50705	   1015
  50706	   1058
  50707	   1066
  50709	   1043
  50710	   1065
  50713	   1092
  50730	   1022
  50796	   1006
  50799	   1057
  50941	   1053
  51052	   1094
  51055	   1043
  51058	   1061
  51062	   1070
  51064	   1086
  51065	   1069
  51066	   1097
  51067	   1076
  51068	   1089
  51078	   1078
  51138	   1018
  51402	   1005
  51403	   1066
  51511	   1078
  51512	   1074
  51518	   1027
  51530	   1096
  51569	   1092
  51753	   1069
  51756	   1039
  51758	   1010
  51844	   1042
  51856	   1096
  51857	   1014
  51858	   1049
  51859	   1022
  51924	   1097
  52095	   1063
  52098	   1053
  52099	   1032
  52100	   1006
  52101	   1044
  52158	   1040
  52176	   1074
  52177	   1008
  52388	   1041
  52409	   1067
  52410	   1038
  52412	   1004
  52413	   1034
  52414	   1033
  52415	   1044
  52416	   1080
  52429	   1090
  52472	   1039
  52474	   1055
  52490	   1092
  52491	   1093
  52493	   1088
  52575	   1075
  52576	   1056
  52697	   1023
  52725	   1038
  52726	   1024
  52728	   1018
  52729	   1030
  52730	   1043
  52731	   1072
  52732	   1097
  52792	   1076
  52860	   1083
  52863	   1095
  53007	   1001
  53042	   1008
  53043	   1017
  53044	   1013
  53045	   1024
  53046	   1045
  53047	   1058
  53093	   1004
  53094	   1076
  53106	   1098
  53109	   1097
  53143	   1004
  53144	   1023
  53355	   1027
  53356	   1023
  53357	   1020
  53358	   1037
  53359	   1028
  53360	   1040
  53361	   1061
  53362	   1087
  53407	   1052
  53408	   1066
  53410	   1001
  53667	   1022
  53669	   1024
  53670	   1023
  53671	   1014
  53672	   1010
  53674	   1049
  53675	   1013
  53676	   1071
  53677	   1059
  53678	   1083
  53688	   1064
  53710	   1010
  53734	   1053
  53735	   1070
  53736	   1045
  53739	   1012
  53988	   1006
  53989	   1027
  53991	   1051
  53993	   1020
  53994	   1037
  53995	   1069
  53996	   1051
  54040	   1038
  54048	   1089
  54052	   1026
  54103	   1073
  54121	   1052
  54124	   1079
  54307	   1054
  54311	   1014
  54313	   1089
  54432	   1043
  54453	   1052
  54539	   1059
  54631	   1002
  54651	   1069
  54675	   1054
  54688	   1096
  55006	   1015
  55602	   1001
  55956	   1007
  56290	   1008
  56612	   1040
  56613	   1075
  56922	   1081
  57130	   1034
  57439	   1069
  57552	   1031
  57553	   1070
  57753	   1096
  57869	   1050
  58182	   1024
  58374	   1081
  58496	   1070
  58725	   1003
  58730	   1037
  58731	   1034
  58732	   1003
  58733	   1014
  58735	   1004
  58813	   1076
  58992	   1035
  59035	   1051
  59036	   1082
  59037	   1002
  59038	   1027
  59043	   1076
  59044	   1094
  59051	   1073
  59052	   1070
  59053	   1012
  59054	   1055
  59055	   1028
  59056	   1030
  59057	   1004
  59058	   1020
  59059	   1006
  59060	   1016
  59061	   1007
  59154	   1055
  59155	   1009
  59193	   1019
  59194	   1007
  59195	   1018
  59196	   1035
  59197	   1028
  59198	   1025
  59199	   1022
  59200	   1016
  59201	   1010
  59202	   1003
  59243	   1013
  59245	   1007
  59249	   1022
  59253	   1012
  59255	   1039
  59256	   1025
  59257	   1012
  59258	   1007
  59259	   1023
  59260	   1014
  59349	   1005
  59352	   1073
  59444	   1045
  59446	   1009
  59470	   1029
  59472	   1026
  59474	   1028
  59518	   1094
  59520	   1089
  59522	   1093
  59524	   1079
  59525	   1005
  59532	   1017
  59533	   1082
  59534	   1017
  59535	   1071
  59536	   1007
  59537	   1062
  59538	   1014
  59539	   1068
  59540	   1033
  59541	   1065
  59542	   1031
  59543	   1069
  59544	   1008
  59545	   1069
  59546	   1031
  59547	   1059
  59548	   1019
  59549	   1011
  59552	   1012
  59577	   1080
  59579	   1072
  59580	   1007
  59581	   1011
  59582	   1023
  59583	   1013
  59584	   1043
  59585	   1008
  59586	   1057
  59587	   1011
  59663	   1039
  59664	   1022
  59666	   1063
  59668	   1097
  59766	   1012
  59789	   1032
  59791	   1078
  59848	   1052
  59850	   1048
  59851	   1096
  59901	   1097
  59908	   1054
  59909	   1032
  59910	   1061
  59911	   1030
  59912	   1037
  59913	   1007
  59914	   1015
  59915	   1017
  59916	   1011
  59917	   1021
  59918	   1057
  59919	   1017
  59920	   1078
  59921	   1035
  59922	   1078
  59923	   1030
  59924	   1076
  59925	   1028
  59979	   1014
  59980	   1022
  60104	   1020
  60230	   1096
  60243	   1050
  60244	   1012
  60245	   1028
  60289	   1034
  60290	   1057
  60412	   1024
  60554	   1072
  60555	   1088
  60556	   1047
  60557	   1083
  60558	   1041
  60593	   1031
  60594	   1027
  60595	   1057
  60864	   1099
  60865	   1084
  60892	   1020
  60893	   1015
  60894	   1028
  60895	   1027
  61180	   1011
  61181	   1018
  61294	   1041
  61460	   1016
  61461	   1033
  61737	   1012
  61738	   1024
  62007	   1028
  62274	   1020
  62275	   1078
  62544	   1057
  62815	   1009
  63617	   1080
  63880	   1025
  64018	   1015
  64807	   1086
  65071	   1038
  66978	   1002
  67001	   1088
  67828	   1003
  67848	   1017
  70621	   1022
  70918	   1046
  72485	   1084
  72506	   1026
  72978	   1053
  73001	   1070
  73975	   1019
  73998	   1073
  74229	   1039
  74485	   1040
  74744	   1023
  75009	   1021
  75278	   1001
  75301	   1030
  75549	   1048
  75572	   1075
  75823	   1077
  76641	   1001
  77465	   1080
  77742	   1056
  78019	   1026
  78020	   1056
  78021	   1068
  78296	   1034
  78574	   1044
  79601	   1036
  79602	   1049
  79879	   1033
  79882	   1016
  80558	   1092
  81019	   1052
  81020	   1005
  82203	   1008
  82204	   1019
  82507	   1031
  82632	   1098
  82814	   1062
  82815	   1058
  83126	   1079
  83127	   1032
  83128	   1012
  83445	   1085
  83446	   1042
  83447	   1032
  83448	   1014
  83767	   1058
  83768	   1033
  83769	   1030
  83770	   1016
  84087	   1090
  84090	   1036
  84091	   1011
  84092	   1019
  84415	   1052
  84416	   1046
  84417	   1022
  84418	   1014
  84419	   1023
  84420	   1010
  84421	   1043
  84422	   1022
  84423	   1019
  84425	   1023
  84427	   1013
  84744	   1090
  84745	   1047
  84746	   1030
  84747	   1025
  84748	   1024
  84749	   1029
  84750	   1022
  84751	   1009
  84752	   1049
  84753	   1050
  84754	   1041
  84755	   1045
  84756	   1040
  84757	   1029
  84758	   1012
  85071	   1084
  85072	   1066
  85073	   1051
  85074	   1024
  85075	   1016
  85076	   1008
  85077	   1023
  85078	   1031
  85079	   1041
  85080	   1027
  85081	   1014
  85082	   1006
  85083	   1048
  85084	   1042
  85085	   1029
  85086	   1017
  85205	   1015
  85396	   1084
  85397	   1080
  85398	   1053
  85399	   1057
  85400	   1038
  85401	   1021
  85402	   1023
  85403	   1019
  85404	   1056
  85405	   1052
  85406	   1070
  85407	   1046
  85408	   1040
  85409	   1016
  85410	   1005
  85411	   1043
  85412	   1029
  85413	   1016
  85725	   1095
  85726	   1051
  85727	   1059
  85728	   1050
  85729	   1049
  85730	   1052
  85731	   1038
  85732	   1059
  85733	   1061
  85734	   1084
  85735	   1081
  85736	   1078
  85737	   1069
  85738	   1066
  85739	   1055
  85740	   1035
  85741	   1016
  85742	   1045
  85743	   1022
  86054	   1066
  86055	   1066
  86056	   1042
  86057	   1041
  86058	   1065
  86059	   1066
  86060	   1086
  86061	   1074
  86065	   1089
  86066	   1078
  86067	   1068
  86068	   1064
  86069	   1071
  86070	   1025
  86071	   1052
  86072	   1031
  86073	   1041
  86074	   1006
  86381	   1076
  86382	   1067
  86383	   1025
  86384	   1043
  86385	   1029
  86386	   1039
  86387	   1061
  86388	   1066
  86389	   1083
  86390	   1084
  86398	   1092
  86399	   1075
  86400	   1056
  86401	   1053
  86402	   1028
  86711	   1039
  86712	   1024
  86713	   1028
  86714	   1044
  86715	   1096
  86717	   1074
  86718	   1086
  86729	   1081
  86730	   1060
  86731	   1046
  86732	   1020
  87040	   1093
  87041	   1031
  87042	   1032
  87043	   1062
  87044	   1076
  87059	   1071
  87060	   1048
  87061	   1002
  87062	   1030
  87367	   1071
  87368	   1033
  87369	   1035
  87370	   1071
  87371	   1097
  87386	   1081
  87387	   1053
  87388	   1013
  87389	   1043
  87390	   1009
  87691	   1078
  87692	   1060
  87693	   1033
  87694	   1042
  87695	   1077
  87711	   1099
  87712	   1071
  87713	   1026
  87714	   1049
  87715	   1020
  88010	   1073
  88011	   1076
  88012	   1028
  88013	   1059
  88014	   1059
  88015	   1058
  88016	   1057
  88017	   1052
  88018	   1096
  88035	   1080
  88036	   1032
  88037	   1007
  88038	   1022
  88039	   1006
  88325	   1096
  88327	   1089
  88328	   1096
  88329	   1098
  88330	   1085
  88331	   1096
  88332	   1013
  88333	   1053
  88334	   1074
  88335	   1080
  88352	   1096
  88353	   1077
  88354	   1034
  88355	   1010
  88356	   1027
  88357	   1008
  88641	   1051
  88642	   1063
  88643	   1061
  88644	   1075
  88645	   1077
  88646	   1075
  88647	   1081
  88648	   1096
  88649	   1025
  88650	   1080
  88651	   1089
  88669	   1084
  88670	   1038
  88671	   1007
  88672	   1023
  88673	   1010
  88957	   1084
  88958	   1060
  88959	   1063
  88960	   1064
  88961	   1067
  88962	   1064
  88963	   1078
  88964	   1096
  88965	   1025
  88966	   1066
  88967	   1089
  88986	   1071
  88987	   1036
  88988	   1058
  88989	   1014
  88990	   1021
  88991	   1004
  89274	   1004
  89275	   1049
  89276	   1061
  89277	   1067
  89278	   1068
  89279	   1070
  89280	   1086
  89281	   1087
  89282	   1015
  89283	   1058
  89284	   1080
  89305	   1058
  89306	   1037
  89307	   1039
  89308	   1025
  89309	   1039
  89310	   1013
  89591	   1009
  89592	   1046
  89593	   1056
  89594	   1058
  89595	   1057
  89596	   1065
  89597	   1079
  89598	   1016
  89599	   1033
  89600	   1022
  89601	   1067
  89620	   1085
  89621	   1051
  89622	   1076
  89623	   1038
  89624	   1042
  89625	   1017
  89902	   1018
  89903	   1048
  89904	   1054
  89905	   1058
  89906	   1055
  89907	   1062
  89908	   1074
  89909	   1034
  89910	   1057
  89931	   1093
  89932	   1060
  89933	   1048
  89934	   1022
  89935	   1018
  89936	   1044
  89937	   1025
  89969	   1020
  89970	   1006
  90209	   1095
  90210	   1072
  90211	   1034
  90212	   1045
  90213	   1045
  90214	   1052
  90215	   1065
  90216	   1082
  90217	   1039
  90218	   1061
  90241	   1068
  90242	   1010
  90243	   1032
  90279	   1068
  90522	   1070
  90523	   1022
  90524	   1026
  90525	   1032
  90526	   1041
  90527	   1053
  90528	   1073
  90529	   1038
  90530	   1074
  90555	   1032
  90556	   1039
  90836	   1024
  90837	   1027
  90838	   1023
  90839	   1026
  90840	   1032
  90841	   1049
  90842	   1064
  90843	   1040
  90844	   1081
  90869	   1049
  90870	   1049
  91147	   1062
  91148	   1022
  91149	   1023
  91150	   1021
  91151	   1031
  91152	   1040
  91153	   1055
  91154	   1007
  91155	   1078
  91180	   1046
  91181	   1047
  91453	   1036
  91454	   1021
  91455	   1013
  91456	   1012
  91457	   1021
  91458	   1032
  91459	   1044
  91460	   1076
  91461	   1046
  91483	   1041
  91484	   1099
  91485	   1021
  91486	   1069
  91487	   1046
  91756	   1061
  91757	   1022
  91758	   1012
  91759	   1005
  91760	   1013
  91761	   1029
  91762	   1041
  91763	   1077
  91764	   1041
  91786	   1035
  92059	   1007
  92060	   1015
  92061	   1008
  92062	   1005
  92063	   1011
  92064	   1029
  92065	   1042
  92066	   1004
  92067	   1049
  92090	   1055
  92091	   1006
  92364	   1083
  92365	   1072
  92366	   1016
  92367	   1005
  92368	   1006
  92369	   1014
  92370	   1036
  92371	   1046
  92372	   1001
  92373	   1042
  92399	   1077
  92400	   1017
  92675	   1062
  92676	   1068
  92677	   1016
  92678	   1005
  92679	   1003
  92680	   1016
  92681	   1032
  92682	   1045
  92683	   1072
  92684	   1035
  92685	   1087
  92712	   1096
  92713	   1017
  92986	   1035
  92987	   1083
  92988	   1007
  92989	   1055
  92990	   1064
  92991	   1019
  92992	   1005
  92993	   1004
  92994	   1013
  92995	   1039
  92996	   1045
  92997	   1073
  92998	   1023
  92999	   1082
  93023	   1023
  93025	   1044
  93027	   1026
  93297	   1066
  93298	   1059
  93299	   1025
  93300	   1032
  93301	   1019
  93302	   1030
  93303	   1012
  93304	   1005
  93305	   1012
  93306	   1037
  93307	   1057
  93308	   1012
  93309	   1029
  93310	   1078
  93334	   1042
  93335	   1025
  93609	   1084
  93610	   1018
  93611	   1050
  93612	   1032
  93613	   1035
  93614	   1018
  93615	   1021
  93616	   1013
  93617	   1018
  93618	   1039
  93619	   1052
  93620	   1026
  93621	   1035
  93622	   1081
  93646	   1066
  93647	   1046
  93923	   1045
  93924	   1004
  93925	   1051
  93926	   1031
  93927	   1035
  93928	   1002
  93929	   1031
  93930	   1055
  93931	   1064
  93932	   1045
  93933	   1062
  93934	   1030
  93935	   1047
  93936	   1088
  93960	   1084
  93961	   1024
  94237	   1068
  94238	   1028
  94239	   1003
  94240	   1054
  94241	   1046
  94242	   1039
  94243	   1002
  94244	   1035
  94245	   1084
  94246	   1096
  94248	   1084
  94249	   1088
  94250	   1048
  94251	   1055
  94252	   1095
  94273	   1075
  94274	   1096
  94275	   1045
  94276	   1081
  94277	   1037
  94550	   1093
  94552	   1071
  94553	   1037
  94554	   1009
  94555	   1037
  94556	   1059
  94557	   1021
  94558	   1043
  94559	   1100
  94587	   1100
  94588	   1074
  94589	   1031
  94864	   1089
  94865	   1081
  94866	   1084
  94867	   1058
  94868	   1066
  94869	   1073
  94872	   1090
  94900	   1097
  94901	   1072
  94902	   1045
  95180	   1094
  95212	   1096
  95213	   1075
  95214	   1012
  95215	   1025
  95522	   1079
  95523	   1067
  95524	   1037
  95525	   1004
  95822	   1097
  95829	   1096
  95830	   1045
  95831	   1036
  95832	   1021
  95833	   1031
  96131	   1090
  96132	   1080
  96133	   1071
  96134	   1089
  96135	   1082
  96136	   1098
  96137	   1077
  96138	   1078
  96139	   1037
  96140	   1011
  96141	   1045
  96142	   1054
  96143	   1048
  96423	   1095
  96424	   1099
  96436	   1099
  96438	   1091
  96440	   1078
  96441	   1059
  96442	   1061
  96443	   1046
  96444	   1049
  96445	   1034
  96446	   1045
  96447	   1028
  96448	   1019
  96730	   1087
  96731	   1084
  96732	   1094
  96735	   1093
  96736	   1098
  96737	   1083
  96738	   1095
  96741	   1100
  96742	   1082
  96743	   1057
  96744	   1046
  96745	   1047
  96746	   1073
  96747	   1056
  96748	   1065
  96749	   1030
  96750	   1044
  96751	   1039
  96752	   1028
  96753	   1032
  96754	   1008
  96755	   1008
  96756	   1069
  96757	   1007
  96758	   1003
  97041	   1080
  97042	   1082
  97043	   1084
  97044	   1099
  97045	   1098
  97046	   1082
  97047	   1063
  97048	   1032
  97049	   1040
  97050	   1083
  97051	   1090
  97052	   1068
  97053	   1054
  97054	   1027
  97055	   1006
  97056	   1021
  97057	   1060
  97058	   1004
  97059	   1056
  97060	   1005
  97061	   1063
  97062	   1004
  97063	   1007
  97064	   1064
  97065	   1063
  97066	   1048
  97067	   1056
  97068	   1057
  97069	   1003
  97356	   1088
  97357	   1063
  97358	   1070
  97359	   1088
  97360	   1088
  97361	   1075
  97362	   1038
  97363	   1010
  97364	   1047
  97365	   1006
  97366	   1028
  97367	   1052
  97368	   1061
  97369	   1038
  97370	   1040
  97371	   1049
  97377	   1050
  97378	   1049
  97381	   1046
  97382	   1000
  97412	   1069
  97675	   1094
  97676	   1077
  97677	   1035
  97678	   1053
  97679	   1059
  97680	   1033
  97681	   1021
  97682	   1045
  97699	   1040
  97993	   1071
  97994	   1046
  97995	   1058
  97996	   1022
  97997	   1016
  97998	   1009
  97999	   1051
  98000	   1037
  98308	   1076
  98309	   1050
  98310	   1007
  98311	   1007
  98312	   1002
  98313	   1004
  98314	   1043
  98624	   1087
  98625	   1096
  98626	   1061
  98627	   1011
  98628	   1034
  98629	   1040
  98630	   1023
  98631	   1038
  98675	   1054
  98676	   1071
  98946	   1099
  98947	   1043
  98948	   1041
  98949	   1000
  98950	   1021
  99268	   1032
  99269	   1049
  99270	   1042
  99271	   1042
  99272	   1011
  99595	   1051
  99597	   1034
  99598	   1009
  99924	   1059
  99925	   1020
  99965	   1048
 100253	   1098
 100254	   1020
 100573	   1081
 100574	   1064
 100575	   1036
 100581	   1009
 100901	   1013
 101228	   1028
 101229	   1020
 101583	   1028
 101875	   1051
 101906	   1010
 102200	   1069
 102230	   1025
 102523	   1046
 102840	   1037
 102873	   1060
 103161	   1086
 103194	   1060
 103477	   1092
 104116	   1053
 104151	   1095
 104766	   1020
 105446	   1070
 107038	   1061
 107357	   1021
 107642	   1092
 109866	   1076
 109875	   1026
 110201	   1075
 110208	   1064
 110209	   1026
 110537	   1096
 110538	   1006
 110539	   1066
 110542	   1063
 110543	   1061
 110544	   1070
 110545	   1023
 110578	   1093
 110877	   1002
 111562	   1038
 112624	   1011
 112971	   1025
 113602	   1032
 113603	   1030
 113950	   1020
 114321	   1021
 114322	   1055
 114657	   1079
 114664	   1069
 114667	   1072
 114668	   1003
 114695	   1014
 115009	   1013
 115677	   1033
 116014	   1012
 116713	   1009
 116716	   1034
 116991	   1040
 117047	   1073
 117296	   1075
 117325	   1061
 117376	   1035
 117629	   1074
 117661	   1029
 117711	   1007
 117714	   1046
 118652	   1041
 118937	   1007
 119035	   1030
 119361	   1028
 119686	   1002
 120018	   1055
 120327	   1100
 120328	   1081
 120334	   1081
 120335	   1019
 120662	   1019
 120667	   1062
 120668	   1001
 120691	   1042
 120986	   1079
 121005	   1022
 121675	   1004
 121676	   1046
 122087	   1007
 122392	   1013
 122449	   1006
 122450	   1019
 122458	   1023
 122728	   1059
 122785	   1024
 122786	   1037
 122787	   1038
 123101	   1045
 123120	   1038
 123121	   1032
 123122	   1013
 123123	   1017
 123450	   1006
 123451	   1043
 123452	   1020
 123453	   1007
 123461	   1011
 123609	   1023
 123771	   1001
 123772	   1006
 123773	   1041
 123774	   1039
 123775	   1042
 123781	   1004
 123924	   1008
 124070	   1029
 124073	   1074
 124086	   1020
 124087	   1087
 124089	   1069
 124090	   1005
 124383	   1004
 124385	   1095
 124386	   1022
 124398	   1017
 124399	   1036
 124402	   1059
 124403	   1019
 124700	   1068
 124701	   1005
 124713	   1026
 124714	   1009
 124715	   1087
 124716	   1091
 124717	   1022
 124718	   1001
 125014	   1093
 125015	   1002
 125027	   1001
 125028	   1008
 125029	   1043
 125030	   1026
 125031	   1054
 125032	   1040
 125038	   1083
 125326	   1004
 125339	   1024
 125340	   1017
 125341	   1010
 125347	   1029
 125492	   1064
 125493	   1018
 125631	   1000
 125634	   1083
 125945	   1057
 125946	   1039
 125951	   1019
 125969	   1089
 126085	   1040
 126261	   1086
 126265	   1097
 126266	   1020
 126267	   1038
 126268	   1007
 126269	   1034
 126282	   1055
 126397	   1008
 126588	   1074
 126589	   1058
 126911	   1087
 126912	   1000
 127032	   1011
 127234	   1067
 127235	   1024
 127553	   1068
 127554	   1012
 127555	   1005
 127870	   1010
 128189	   1095
 128190	   1004
 128317	   1084
 128512	   1085
 128634	   1002
 128838	   1096
 128839	   1001
 128853	   1071
 129165	   1023
 129167	   1016
 129182	   1071
 129183	   1032
 129484	   1012
 129502	   1026
 129576	   1023
 129791	   1074
 129793	   1028
 129794	   1057
 129795	   1027
 129796	   1041
 129797	   1017
 129798	   1024
 129799	   1016
 129800	   1023
 129889	   1024
 130104	   1007
 130105	   1018
 130106	   1009
 130107	   1011
 130109	   1003
 130110	   1011
 130407	   1077
 130408	   1095
 130409	   1006
 130410	   1016
 130411	   1029
 130412	   1022
 130413	   1067
 130414	   1041
 130428	   1023
 130495	   1010
 130706	   1021
 130707	   1018
 130708	   1029
 130709	   1009
 130710	   1014
 130711	   1066
 130712	   1076
 130718	   1084
 130726	   1067
 130994	   1034
 130995	   1071
 130996	   1021
 131000	   1047
 131001	   1048
 131280	   1087
 131289	   1006
 131563	   1015
 131624	   1030
 131625	   1058
 131889	   1011
 132205	   1083
 132210	   1002
 132212	   1047
 132672	   1026
 132875	   1091
 132877	   1025
 133114	   1032
 133489	   1003
 133490	   1008
 133543	   1039
 133702	   1042
 133963	   1062
 134167	   1008
 134752	   1000
 135236	   1001
 136521	   1031
