      2	   1250
     15	   1750
     20	   1000
     25	   2000
     37	   1346
     43	   1052
     45	   1724
     46	   2000
     65	   2000
     67	   1427
     72	   1115
     87	   1399
     98	   1077
    100	   1000
    119	   1696
    120	   1987
    128	   1975
    131	   1000
    132	   1362
    133	   1322
    134	   1237
    145	   1589
    148	   1384
    156	   1733
    175	   1250
    181	   1250
    186	   1061
    190	   1750
    191	   1250
    196	   1000
    197	   1000
    215	   1567
    217	   1751
    218	   1706
    225	   1500
    226	   2000
    232	   1000
    239	   1377
    245	   1000
    246	   1166
    248	   2000
    249	   1246
    251	   1000
    270	   1006
    275	   1169
    285	   1981
    306	   2000
    307	   1750
    308	   1672
    311	   1641
    318	   1250
    322	   1000
    323	   1000
    324	   1500
    325	   1000
    332	   1304
    333	   1000
    343	   1000
    344	   1368
    366	   1028
    368	   1365
    370	   1051
    371	   1250
    374	   1176
    376	   1360
    383	   1923
    387	   1000
    397	   1536
    399	   2000
    412	   1232
    414	   1000
    425	   1250
    427	   2000
    428	   1737
    431	   2000
    432	   2000
    433	   1280
    435	   1000
    436	   1500
    437	   1000
    449	   1250
    454	   1044
    459	   1274
    461	   1036
    463	   1750
    480	   1000
    489	   1048
    490	   1827
    493	   1000
    500	   1979
    503	   2000
    507	   1000
    518	   1250
    520	   1000
    521	   1735
    524	   1695
    526	   1000
    528	   1000
    548	   1250
    549	   1030
    556	   1146
    560	   1084
    561	   1500
    565	   1154
    572	   1225
    575	   1112
    595	   1324
    596	   1682
    598	   1000
    602	   1000
    617	   1700
    625	   1116
    645	   1123
    650	   1250
    653	   1090
    656	   1250
    660	   1250
    661	   1250
    662	   1500
    666	   1548
    677	   1422
    686	   1713
    689	   1948
    694	   1000
    695	   1000
    718	   1000
    733	   1750
    736	   1250
    739	   1319
    746	   1044
    750	   1235
    752	   1250
    754	   1500
    755	   1216
    758	   1500
    763	   1047
    782	   1500
    783	   1043
    786	   1250
    801	   1714
    804	   1680
    826	   1250
    827	   1250
    830	   1330
    833	   1250
    845	   1000
    847	   1500
    848	   1750
    849	   1500
    850	   1744
    852	   1522
    857	   1162
    858	   1118
    877	   1250
    878	   1250
    879	   1250
    895	   1206
    899	   1500
    902	   1000
    917	   1250
    919	   1250
    928	   1250
    937	   1000
    938	   1086
    941	   1500
    942	   1500
    943	   1750
    944	   1959
    952	   1148
    960	   1152
    961	   1373
    962	   1482
    963	   1169
    967	   1113
    968	   1166
    969	   1938
    971	   1250
    985	   1889
    990	   1436
    995	   1000
   1013	   1478
   1014	   1250
   1016	   1473
   1022	   1033
   1023	   1750
   1031	   1487
   1034	   1750
   1044	   1734
   1047	   1648
   1053	   1265
   1054	   1500
   1059	   1478
   1062	   1155
   1079	   1779
   1082	   1879
   1089	   1000
   1105	   1160
   1108	   1465
   1110	   1040
   1126	   1500
   1138	   2000
   1144	   1090
   1169	   1222
   1170	   1000
   1175	   2000
   1185	   1140
   1201	   1000
   1202	   1383
   1203	   1250
   1204	   1353
   1207	   1091
   1214	   1130
   1218	   1250
   1229	   1697
   1242	   1972
   1266	   1882
   1289	   1750
   1290	   1000
   1293	   1750
   1294	   1000
   1295	   1250
   1297	   1250
   1298	   1014
   1301	   1750
   1302	   1250
   1309	   1250
   1310	   1335
   1312	   1106
   1314	   1250
   1324	   1359
   1340	   1334
   1341	   1221
   1366	   2000
   1367	   1000
   1384	   1250
   1386	   1019
   1388	   1020
   1392	   1750
   1393	   1250
   1394	   1250
   1397	   1005
   1404	   1468
   1405	   1000
   1419	   1250
   1434	   1377
   1437	   1985
   1460	   2000
   1462	   1095
   1463	   1628
   1465	   1000
   1468	   1194
   1481	   1750
   1482	   1750
   1484	   1250
   1488	   1000
   1491	   1250
   1494	   1250
   1514	   1280
   1515	   1250
   1517	   1442
   1530	   1576
   1552	   1293
   1559	   1428
   1564	   1000
   1565	   1429
   1566	   1436
   1577	   1750
   1578	   1461
   1579	   1750
   1583	   1046
   1584	   1058
   1585	   1000
   1589	   1188
   1595	   1250
   1599	   1329
   1611	   1424
   1612	   1590
   1618	   1750
   1627	   1233
   1628	   2000
   1629	   1448
   1650	   2000
   1656	   1472
   1663	   1633
   1674	   1250
   1676	   1250
   1679	   1750
   1680	   1386
   1681	   1066
   1690	   1000
   1691	   1362
   1693	   1250
   1695	   1750
   1707	   1003
   1708	   1809
   1714	   1750
   1718	   1809
   1723	   1317
   1724	   1400
   1746	   2000
   1748	   2000
   1755	   1000
   1758	   1000
   1770	   1250
   1772	   1483
   1776	   1250
   1777	   1000
   1778	   1000
   1781	   1250
   1802	   1250
   1803	   1566
   1804	   1461
   1809	   1750
   1810	   1873
   1813	   1039
   1814	   2000
   1819	   1120
   1824	   1599
   1826	   1430
   1827	   2000
   1828	   1918
   1842	   1982
   1843	   1000
   1846	   1094
   1849	   1000
   1868	   1250
   1873	   1218
   1874	   1000
   1876	   1013
   1877	   1000
   1883	   1250
   1886	   1000
   1888	   1750
   1893	   1250
   1899	   1250
   1900	   1414
   1901	   1733
   1906	   1804
   1914	   2000
   1921	   1547
   1922	   1645
   1924	   1935
   1943	   1500
   1945	   1000
   1963	   1250
   1968	   1336
   1970	   1250
   1971	   1750
   1972	   1000
   1973	   1000
   1974	   1250
   1979	   1250
   1981	   1250
   1982	   1419
   1987	   1000
   1988	   1000
   1989	   1750
   1995	   1250
   1996	   1298
   1997	   1880
   2004	   1714
   2008	   1106
   2009	   1425
   2016	   1445
   2017	   1391
   2018	   1166
   2019	   1383
   2022	   1500
   2037	   1263
   2038	   2000
   2040	   2000
   2041	   1000
   2047	   2000
   2059	   1250
   2064	   1160
   2066	   1025
   2067	   1000
   2068	   1000
   2069	   1000
   2070	   1000
   2071	   1199
   2077	   1750
   2084	   1750
   2090	   1250
   2091	   1087
   2098	   1500
   2102	   1422
   2103	   1076
   2104	   1633
   2110	   1500
   2111	   1459
   2114	   1505
   2117	   1238
   2132	   2000
   2133	   1232
   2134	   1000
   2135	   1000
   2153	   1750
   2154	   1250
   2156	   1250
   2161	   1137
   2162	   1000
   2163	   1250
   2165	   1000
   2169	   1250
   2174	   1259
   2181	   1135
   2186	   1250
   2187	   1250
   2188	   1862
   2198	   1112
   2199	   1094
   2205	   1500
   2206	   2000
   2207	   2000
   2210	   1640
   2212	   1397
   2214	   1726
   2228	   1000
   2229	   1000
   2230	   1784
   2232	   1000
   2233	   1166
   2251	   1250
   2258	   1079
   2259	   1250
   2260	   1010
   2261	   1032
   2262	   1045
   2263	   1250
   2271	   1750
   2275	   1750
   2283	   1090
   2284	   1100
   2285	   1077
   2295	   1136
   2302	   1750
   2303	   1500
   2308	   1286
   2310	   1110
   2311	   1765
   2315	   1608
   2327	   1500
   2328	   1343
   2330	   2000
   2337	   1058
   2350	   1105
   2355	   1164
   2366	   1252
   2367	   1000
   2370	   1424
   2378	   1250
   2379	   1218
   2380	   1083
   2381	   1698
   2394	   1091
   2395	   1137
   2396	   1053
   2397	   1013
   2406	   1660
   2411	   1636
   2412	   1837
   2414	   1823
   2415	   1895
   2419	   1446
   2421	   1265
   2422	   1788
   2429	   1000
   2430	   1000
   2445	   1250
   2446	   1215
   2452	   1000
   2454	   1152
   2459	   1250
   2465	   1087
   2466	   1366
   2467	   1385
   2474	   1250
   2475	   1023
   2476	   1380
   2477	   1366
   2478	   1911
   2489	   2000
   2491	   1250
   2492	   1137
   2493	   1862
   2497	   1699
   2507	   1500
   2510	   1470
   2520	   1500
   2521	   2000
   2526	   1000
   2544	   1750
   2545	   1062
   2552	   1750
   2555	   1232
   2561	   1250
   2568	   1750
   2570	   1250
   2573	   1250
   2574	   1120
   2575	   1295
   2576	   1365
   2577	   1750
   2589	   1074
   2590	   1132
   2591	   1742
   2602	   2000
   2606	   1500
   2609	   1500
   2610	   1261
   2611	   1628
   2612	   1750
   2619	   1000
   2620	   1500
   2621	   1757
   2622	   1000
   2627	   1096
   2629	   1709
   2646	   1500
   2652	   1126
   2658	   1750
   2667	   1377
   2674	   1001
   2675	   1317
   2676	   1219
   2677	   1628
   2686	   1053
   2687	   1074
   2688	   1618
   2692	   1846
   2694	   1091
   2695	   1712
   2698	   1115
   2699	   1751
   2700	   1390
   2704	   1476
   2707	   1916
   2708	   1500
   2709	   1500
   2711	   1278
   2712	   1800
   2713	   2000
   2716	   1382
   2717	   1000
   2718	   1672
   2719	   1735
   2720	   1000
   2725	   1000
   2727	   1000
   2728	   1197
   2748	   1250
   2755	   1250
   2773	   1750
   2774	   1250
   2778	   1174
   2779	   1127
   2780	   1250
   2789	   1008
   2790	   1432
   2796	   1084
   2797	   1025
   2802	   2000
   2807	   1584
   2810	   1463
   2811	   1147
   2812	   1415
   2813	   1582
   2814	   1303
   2816	   2000
   2819	   1000
   2822	   1000
   2829	   1000
   2830	   1000
   2831	   1312
   2862	   1440
   2863	   1250
   2869	   1250
   2872	   1250
   2878	   1943
   2882	   1250
   2883	   1115
   2884	   1250
   2885	   1887
   2886	   1750
   2893	   1310
   2899	   1057
   2900	   1051
   2901	   1105
   2903	   2000
   2904	   1141
   2912	   1399
   2916	   1443
   2922	   1410
   2923	   1725
   2956	   1189
   2959	   1250
   2969	   1750
   2970	   1147
   2971	   1040
   2972	   1750
   2975	   1250
   2979	   1250
   2983	   1750
   2984	   1750
   2985	   1750
   2988	   1250
   2989	   1013
   2990	   1296
   2991	   1006
   2992	   1398
   2999	   2000
   3002	   2000
   3006	   1032
   3007	   1007
   3008	   1694
   3009	   1337
   3010	   1062
   3015	   1270
   3018	   2000
   3019	   1461
   3023	   1377
   3025	   1413
   3026	   1386
   3031	   1704
   3032	   1000
   3033	   1000
   3035	   1379
   3043	   1000
   3068	   1441
   3082	   1000
   3088	   1000
   3090	   1000
   3092	   1230
   3096	   1750
   3098	   1688
   3101	   1250
   3102	   1214
   3103	   1073
   3104	   1260
   3105	   1250
   3106	   1250
   3112	   2000
   3115	   1698
   3120	   1465
   3121	   1161
   3122	   1250
   3123	   1650
   3127	   1000
   3128	   1000
   3130	   1369
   3131	   2000
   3141	   1294
   3143	   1000
   3150	   1000
   3154	   1000
   3159	   2000
   3181	   1250
   3183	   1355
   3212	   1000
   3214	   1142
   3215	   1750
   3216	   1475
   3217	   1223
   3218	   1270
   3219	   1250
   3227	   1624
   3233	   1250
   3237	   1047
   3238	   1000
   3239	   1000
   3240	   1726
   3242	   1199
   3249	   1000
   3263	   1000
   3265	   1000
   3266	   1172
   3272	   1355
   3293	   1194
   3295	   1009
   3296	   1250
   3313	   1089
   3315	   1408
   3317	   1750
   3318	   1000
   3319	   1000
   3324	   1000
   3325	   1000
   3327	   1920
   3329	   1750
   3330	   1500
   3331	   1275
   3332	   1383
   3348	   1030
   3349	   1000
   3350	   1000
   3351	   2000
   3352	   2000
   3353	   1000
   3360	   1134
   3361	   1039
   3364	   1000
   3368	   1000
   3375	   1000
   3378	   1000
   3380	   1000
   3384	   1736
   3405	   1750
   3408	   1049
   3411	   1162
   3427	   1290
   3430	   1000
   3431	   1052
   3435	   1177
   3438	   1000
   3440	   1027
   3441	   1064
   3443	   1432
   3444	   1500
   3445	   1500
   3460	   1000
   3461	   1000
   3463	   1669
   3471	   1118
   3473	   1000
   3480	   1133
   3482	   1290
   3483	   1500
   3490	   1000
   3537	   1125
   3544	   1000
   3545	   1000
   3547	   1343
   3554	   1056
   3555	   1367
   3556	   1403
   3558	   1500
   3559	   1500
   3560	   1500
   3561	   1750
   3562	   1409
   3573	   1000
   3576	   1649
   3583	   1121
   3585	   1000
   3610	   2000
   3629	   1250
   3632	   1250
   3634	   1436
   3635	   1127
   3663	   1421
   3666	   1399
   3668	   1000
   3669	   1113
   3670	   1580
   3671	   1221
   3674	   1500
   3675	   1500
   3676	   1500
   3677	   1500
   3678	   1500
   3688	   1000
   3691	   1495
   3696	   1246
   3697	   1500
   3699	   1000
   3743	   1250
   3745	   1214
   3771	   1073
   3777	   1250
   3778	   1150
   3782	   1409
   3783	   1126
   3786	   1500
   3789	   1500
   3790	   1538
   3791	   1500
   3792	   1500
   3793	   1500
   3803	   1000
   3810	   1444
   3811	   1321
   3812	   1000
   3813	   1000
   3815	   1000
   3818	   1000
   3822	   1000
   3838	   1000
   3857	   1250
   3870	   1250
   3887	   1750
   3888	   1250
   3897	   1750
   3898	   1750
   3902	   1500
   3905	   1500
   3906	   1574
   3907	   1500
   3908	   1500
   3919	   1000
   3922	   1000
   3924	   1449
   3925	   2000
   3926	   1500
   3928	   1000
   3929	   1617
   3930	   2000
   3931	   1133
   3932	   1942
   3933	   1325
   3934	   1656
   3935	   1305
   3936	   1000
   3937	   2000
   3938	   1317
   3939	   1500
   3940	   1201
   3942	   1000
   3943	   1671
   3944	   2000
   3947	   1724
   3948	   1370
   3950	   1852
   3952	   1269
   3972	   1250
   3973	   1250
   3976	   1500
   3980	   1224
   3982	   1250
   3986	   1250
   3987	   1500
   3988	   1750
   4004	   1750
   4017	   1232
   4021	   1476
   4022	   1500
   4025	   1500
   4026	   1881
   4027	   1383
   4028	   1500
   4039	   1229
   4041	   1308
   4042	   1000
   4045	   1465
   4046	   1029
   4047	   1000
   4049	   1910
   4051	   1971
   4055	   1833
   4057	   1588
   4065	   2000
   4066	   1748
   4068	   1826
   4069	   2000
   4071	   2000
   4092	   1250
   4095	   1233
   4102	   1157
   4124	   1250
   4125	   1250
   4127	   1750
   4129	   1250
   4130	   1068
   4135	   1500
   4141	   1425
   4142	   1741
   4143	   1500
   4144	   1500
   4145	   1272
   4147	   1750
   4148	   1882
   4159	   1243
   4160	   1691
   4161	   1030
   4162	   1018
   4164	   1727
   4165	   1020
   4166	   1000
   4167	   2000
   4168	   1900
   4173	   1477
   4174	   2000
   4186	   2000
   4187	   2000
   4195	   1377
   4213	   1250
   4215	   1026
   4219	   1097
   4224	   1750
   4242	   1122
   4243	   1250
   4244	   1500
   4246	   1358
   4252	   1750
   4260	   1500
   4261	   1500
   4266	   1886
   4278	   1000
   4280	   1061
   4283	   1204
   4284	   1000
   4285	   2000
   4286	   1067
   4287	   2000
   4289	   1808
   4292	   2000
   4296	   2000
   4304	   1767
   4305	   2000
   4306	   2000
   4307	   2000
   4308	   2000
   4309	   1701
   4314	   2000
   4331	   1250
   4332	   1250
   4361	   1250
   4362	   1250
   4369	   1011
   4370	   1018
   4379	   1291
   4380	   1500
   4397	   1000
   4399	   1278
   4400	   1718
   4402	   1000
   4404	   1000
   4408	   1947
   4409	   1472
   4410	   1934
   4412	   1362
   4413	   2000
   4414	   2000
   4426	   1897
   4427	   2000
   4431	   1099
   4432	   1748
   4439	   1179
   4449	   1250
   4450	   1250
   4454	   1250
   4455	   1023
   4456	   1250
   4459	   1250
   4467	   1250
   4480	   1250
   4481	   1250
   4484	   1250
   4487	   1418
   4492	   1750
   4499	   1500
   4500	   1500
   4517	   1000
   4520	   1493
   4522	   1000
   4523	   1000
   4524	   1000
   4525	   1000
   4526	   1000
   4527	   1000
   4528	   1000
   4530	   1727
   4531	   1000
   4532	   1781
   4533	   1500
   4535	   2000
   4538	   2000
   4539	   2000
   4540	   2000
   4541	   1384
   4542	   1500
   4543	   1500
   4544	   1500
   4545	   1500
   4546	   1500
   4550	   2000
   4551	   1150
   4557	   1480
   4559	   2000
   4560	   1333
   4562	   1000
   4571	   1250
   4575	   1431
   4582	   1367
   4587	   1250
   4601	   1250
   4602	   1250
   4604	   1500
   4605	   1500
   4607	   1236
   4619	   1500
   4620	   1500
   4639	   1820
   4641	   1000
   4642	   1235
   4643	   1000
   4644	   1500
   4645	   1000
   4646	   1000
   4647	   1644
   4648	   1000
   4649	   1000
   4650	   2000
   4651	   1183
   4655	   1742
   4656	   1618
   4657	   1422
   4658	   1006
   4659	   1694
   4660	   2000
   4661	   2000
   4662	   2000
   4663	   1747
   4664	   1661
   4667	   1391
   4669	   1283
   4677	   1000
   4678	   1000
   4680	   1000
   4681	   1000
   4682	   2000
   4690	   1250
   4707	   1250
   4708	   1250
   4721	   1250
   4722	   1250
   4723	   1750
   4726	   1500
   4727	   1250
   4741	   1500
   4742	   1415
   4766	   1153
   4767	   1000
   4768	   1000
   4769	   1587
   4770	   1000
   4771	   1000
   4773	   1000
   4777	   1070
   4778	   1250
   4781	   1000
   4782	   1000
   4783	   1000
   4784	   1000
   4787	   1000
   4789	   1000
   4799	   1000
   4800	   1004
   4802	   1434
   4803	   1000
   4811	   1250
   4820	   1250
   4827	   1750
   4829	   1250
   4843	   1143
   4844	   1250
   4865	   1500
   4866	   1500
   4886	   1992
   4890	   1000
   4891	   1835
   4894	   1181
   4895	   1000
   4896	   1386
   4897	   1000
   4898	   1000
   4900	   1000
   4901	   1000
   4902	   1000
   4903	   1000
   4904	   1000
   4905	   1000
   4906	   1000
   4907	   1000
   4910	   1000
   4912	   1000
   4922	   1267
   4923	   1124
   4926	   1250
   4927	   1190
   4937	   1250
   4938	   1750
   4941	   1084
   4967	   1250
   4968	   1500
   4971	   1250
   4972	   1250
   4989	   1500
   4990	   1500
   5013	   2000
   5014	   1965
   5017	   1858
   5018	   2000
   5020	   1716
   5021	   2000
   5022	   1685
   5023	   1643
   5024	   1603
   5025	   1602
   5026	   1610
   5027	   1644
   5028	   1635
   5029	   1656
   5030	   1672
   5035	   1623
   5045	   1481
   5046	   1000
   5048	   1500
   5049	   1000
   5069	   1000
   5070	   1250
   5072	   1750
   5090	   1250
   5091	   1250
   5092	   1250
   5093	   1250
   5094	   1250
   5095	   1250
   5097	   1250
   5098	   1450
   5115	   1750
   5116	   1500
   5137	   2000
   5142	   1895
   5147	   1896
   5148	   2000
   5149	   1729
   5150	   1730
   5151	   2000
   5152	   1758
   5153	   1808
   5154	   2000
   5155	   2000
   5159	   1670
   5160	   2000
   5173	   1000
   5179	   1053
   5183	   1250
   5185	   1297
   5189	   1750
   5194	   1500
   5195	   1250
   5196	   1250
   5197	   1250
   5198	   1250
   5199	   1250
   5216	   1250
   5217	   1250
   5218	   1394
   5221	   1750
   5227	   1250
   5242	   1500
   5243	   1500
   5263	   2000
   5274	   2000
   5275	   2000
   5276	   2000
   5277	   2000
   5278	   1873
   5280	   1969
   5282	   1813
   5284	   1185
   5285	   1720
   5286	   2000
   5304	   1611
   5310	   1250
   5313	   1058
   5323	   1189
   5324	   1250
   5342	   1250
   5343	   1250
   5352	   1250
   5368	   1750
   5369	   1500
   5400	   1773
   5401	   1767
   5402	   1873
   5403	   1971
   5409	   1374
   5410	   1699
   5411	   1797
   5413	   1490
   5429	   1277
   5442	   1098
   5446	   1750
   5448	   1750
   5450	   1500
   5469	   1250
   5496	   1395
   5497	   1500
   5528	   2000
   5529	   1858
   5537	   2000
   5539	   1635
   5540	   1759
   5541	   1723
   5543	   1727
   5555	   1006
   5566	   1346
   5570	   1109
   5573	   1250
   5576	   1269
   5596	   1399
   5597	   1250
   5625	   1464
   5626	   1477
   5669	   1351
   5672	   1652
   5673	   1496
   5694	   1022
   5695	   1021
   5701	   1071
   5708	   1750
   5725	   1250
   5726	   1250
   5733	   1250
   5741	   1250
   5755	   1500
   5804	   1973
   5824	   1500
   5826	   1080
   5828	   1101
   5853	   1250
   5854	   1116
   5859	   1250
   5870	   1500
   5885	   1500
   5932	   2000
   5954	   1250
   5955	   1250
   5979	   1250
   5980	   1250
   5981	   1250
   5996	   1750
   5997	   1432
   5998	   1750
   6012	   1750
   6013	   1500
   6058	   2000
   6061	   2000
   6062	   1822
   6063	   1578
   6083	   1750
   6089	   1750
   6112	   1250
   6128	   1500
   6129	   1500
   6130	   1750
   6131	   1295
   6145	   1500
   6146	   1365
   6190	   1956
   6191	   1814
   6193	   1586
   6195	   2000
   6200	   1657
   6213	   1013
   6245	   1000
   6259	   1500
   6260	   1500
   6261	   1500
   6263	   1360
   6278	   1500
   6279	   1500
   6319	   1951
   6320	   1779
   6321	   1578
   6322	   2000
   6323	   1797
   6324	   1665
   6325	   1552
   6328	   1000
   6329	   1746
   6343	   1446
   6390	   1500
   6391	   1500
   6394	   1261
   6395	   1163
   6397	   1750
   6411	   1500
   6412	   1500
   6448	   1760
   6449	   1901
   6451	   1625
   6452	   1775
   6454	   1509
   6455	   1522
   6456	   1679
   6469	   1355
   6476	   1750
   6521	   1500
   6524	   1750
   6525	   1475
   6526	   1445
   6527	   1500
   6528	   1120
   6542	   1750
   6543	   1500
   6576	   1768
   6582	   1792
   6590	   1000
   6606	   1359
   6653	   1750
   6658	   1320
   6659	   1250
   6676	   1500
   6677	   1500
   6741	   1189
   6770	   1250
   6791	   1500
   6793	   1750
   6794	   1250
   6811	   1500
   6812	   1377
   6859	   1955
   6874	   1750
   6885	   1750
   6888	   1750
   6927	   1500
   6928	   1750
   6946	   1500
   6947	   1500
   6948	   1750
   7018	   1958
   7019	   1750
   7020	   1993
   7021	   1750
   7022	   1750
   7034	   1750
   7035	   1348
   7062	   1250
   7063	   1434
   7081	   1500
   7082	   1500
   7083	   1500
   7140	   1002
   7151	   1750
   7154	   1750
   7156	   1750
   7157	   1750
   7196	   1021
   7197	   1250
   7199	   1250
   7213	   1750
   7214	   1500
   7215	   1500
   7216	   1500
   7217	   1500
   7272	   1250
   7284	   1750
   7288	   1679
   7289	   1750
   7290	   1750
   7292	   1959
   7326	   1500
   7327	   1500
   7333	   1250
   7344	   1750
   7345	   1750
   7346	   1537
   7347	   1513
   7348	   1750
   7349	   1500
   7350	   1500
   7351	   1750
   7418	   1750
   7419	   1504
   7425	   1750
   7426	   1750
   7427	   1915
   7428	   1977
   7430	   1750
   7458	   1750
   7460	   1360
   7469	   1250
   7478	   1750
   7479	   1500
   7480	   1500
   7481	   1500
   7482	   1500
   7483	   1500
   7484	   1500
   7549	   1750
   7550	   1750
   7551	   1750
   7560	   1750
   7561	   1750
   7562	   1750
   7563	   1750
   7564	   1944
   7590	   1024
   7598	   1250
   7599	   1038
   7600	   1069
   7601	   1076
   7602	   1250
   7610	   1500
   7611	   1500
   7612	   1500
   7683	   1750
   7694	   1539
   7696	   1750
   7697	   1750
   7698	   1750
   7728	   1073
   7729	   1128
   7730	   1041
   7731	   1107
   7732	   1116
   7733	   1122
   7734	   1026
   7739	   1485
   7742	   1349
   7743	   1750
   7744	   1290
   7785	   1000
   7792	   1063
   7813	   1750
   7842	   1250
   7843	   1335
   7844	   1250
   7845	   1750
   7854	   1205
   7858	   1039
   7859	   1311
   7862	   1750
   7863	   1750
   7864	   1195
   7865	   1005
   7866	   1250
   7871	   1750
   7876	   1750
   7877	   1428
   7925	   1855
   7929	   1131
   7945	   1990
   7946	   1750
   7961	   1750
   7962	   1750
   7990	   1250
   7991	   1500
   7995	   1750
   7996	   1027
   7997	   1250
   8003	   1022
   8009	   1750
   8010	   1750
   8053	   1000
   8078	   1982
   8079	   1750
   8094	   1750
   8095	   1750
   8096	   1750
   8097	   1750
   8122	   1055
   8127	   1056
   8128	   1351
   8129	   1750
   8130	   1064
   8146	   1750
   8194	   1113
   8206	   1750
   8207	   1796
   8211	   1750
   8212	   1750
   8224	   1750
   8225	   1750
   8226	   1750
   8227	   1750
   8244	   1375
   8248	   1006
   8255	   1250
   8256	   1250
   8261	   1068
   8262	   1750
   8263	   1052
   8272	   1245
   8273	   1478
   8314	   1143
   8338	   1500
   8339	   1760
   8342	   1750
   8343	   1750
   8356	   1750
   8377	   1250
   8382	   1250
   8383	   1250
   8384	   1250
   8385	   1250
   8386	   1750
   8387	   1750
   8396	   1192
   8397	   1183
   8398	   1250
   8402	   1250
   8404	   1197
   8408	   1250
   8443	   1169
   8449	   1907
   8453	   1719
   8454	   1000
   8459	   2000
   8469	   1623
   8470	   1500
   8471	   1805
   8472	   1694
   8473	   1750
   8474	   1750
   8475	   1750
   8488	   1750
   8509	   1328
   8515	   1250
   8516	   1250
   8517	   1250
   8522	   1000
   8523	   1000
   8524	   1750
   8525	   1250
   8531	   1750
   8532	   1750
   8535	   1321
   8541	   1493
   8542	   1250
   8543	   1750
   8583	   1027
   8591	   2000
   8603	   1500
   8604	   1427
   8605	   1691
   8606	   1750
   8607	   1750
   8608	   1867
   8622	   1750
   8639	   1283
   8652	   1250
   8653	   1250
   8654	   1171
   8668	   1750
   8669	   1500
   8672	   1227
   8679	   1250
   8680	   1250
   8715	   1014
   8725	   1690
   8738	   1860
   8739	   1500
   8740	   1582
   8741	   1630
   8742	   1587
   8758	   1750
   8775	   1250
   8790	   1250
   8791	   1250
   8792	   1250
   8793	   1250
   8796	   1026
   8801	   1395
   8809	   1250
   8817	   1352
   8818	   1250
   8847	   1500
   8858	   1286
   8874	   1500
   8875	   1500
   8876	   1637
   8877	   1612
   8894	   1750
   8911	   1000
   8912	   1000
   8913	   1272
   8927	   1144
   8928	   1250
   8929	   1250
   8930	   1250
   8931	   1458
   8934	   1037
   8942	   1750
   8954	   1250
   8955	   1750
   8958	   1557
   8959	   1409
   8983	   1000
   9007	   1195
   9008	   1623
   9009	   1805
   9025	   1826
   9026	   1534
   9027	   1750
   9045	   1000
   9050	   1250
   9052	   1750
   9062	   1750
   9063	   1055
   9069	   1750
   9078	   1460
   9091	   1750
   9092	   1259
   9093	   1139
   9094	   1182
   9095	   1130
   9122	   1145
   9141	   1496
   9142	   1439
   9159	   1639
   9160	   1947
   9161	   1582
   9162	   1531
   9180	   1000
   9182	   1290
   9205	   1250
   9226	   1250
   9227	   1250
   9228	   1250
   9229	   1138
   9230	   1141
   9231	   1268
   9248	   1209
   9255	   1095
   9260	   1000
   9275	   1512
   9276	   1952
   9292	   1755
   9293	   1536
   9294	   1662
   9295	   1253
   9316	   1272
   9351	   1750
   9360	   1344
   9361	   1172
   9364	   1056
   9365	   1500
   9366	   1839
   9367	   1328
   9417	   1190
   9423	   1052
   9424	   1591
   9426	   1155
   9427	   1199
   9430	   1000
   9432	   1160
   9433	   1445
   9480	   1500
   9487	   1038
   9489	   1960
   9490	   1250
   9497	   1223
   9498	   1194
   9499	   1020
   9501	   1059
   9502	   1392
   9503	   1800
   9504	   1476
   9505	   1632
   9514	   1295
   9522	   1986
   9524	   1153
   9527	   1432
   9570	   1000
   9571	   1000
   9573	   1481
   9574	   1642
   9577	   1827
   9578	   2000
   9587	   1469
   9590	   1046
   9614	   1201
   9615	   1750
   9622	   1111
   9625	   1210
   9626	   1147
   9628	   1250
   9633	   1143
   9646	   1305
   9659	   1000
   9709	   2000
   9712	   2000
   9713	   1325
   9761	   1109
   9766	   1755
   9767	   1819
   9768	   1609
   9769	   1500
   9779	   1761
   9780	   1153
   9787	   1482
   9788	   1256
   9793	   1836
   9794	   2000
   9890	   1861
   9891	   1685
   9898	   1253
   9899	   1262
   9900	   1430
   9911	   1792
   9912	   1590
   9913	   1000
   9918	   1307
   9920	   1678
   9921	   1024
   9922	   1745
   9923	   2000
   9924	   2000
   9983	   1250
   9986	   1750
   9987	   1250
  10043	   1468
  10044	   1318
  10047	   1250
  10048	   1734
  10050	   1712
  10051	   1346
  10052	   1567
  10053	   2000
  10116	   1000
  10117	   1250
  10146	   1992
  10147	   1367
  10148	   1923
  10174	   1344
  10175	   1250
  10176	   1075
  10177	   1062
  10181	   1668
  10182	   1750
  10183	   1642
  10236	   1102
  10238	   1000
  10250	   1750
  10275	   1480
  10276	   1032
  10277	   1024
  10280	   1168
  10308	   1077
  10309	   1230
  10310	   1250
  10314	   2000
  10315	   1615
  10316	   1750
  10356	   1000
  10357	   1000
  10358	   1000
  10369	   1214
  10370	   1470
  10371	   1866
  10372	   1931
  10373	   1937
  10374	   1500
  10409	   1871
  10443	   1752
  10444	   1250
  10445	   1000
  10446	   1672
  10448	   1750
  10449	   1750
  10450	   1750
  10451	   1600
  10487	   1000
  10492	   1015
  10494	   1000
  10495	   1000
  10496	   1000
  10497	   1344
  10500	   1713
  10501	   1567
  10502	   1358
  10503	   1727
  10504	   1406
  10506	   1000
  10507	   1000
  10508	   1200
  10509	   1651
  10510	   1619
  10578	   1717
  10579	   1038
  10580	   1388
  10581	   1000
  10582	   1000
  10584	   1650
  10585	   1782
  10586	   1750
  10587	   1750
  10588	   1711
  10612	   1047
  10613	   1130
  10614	   1430
  10615	   1060
  10616	   1000
  10624	   1051
  10626	   1051
  10628	   1181
  10630	   1273
  10631	   1046
  10632	   1472
  10639	   1598
  10640	   1925
  10641	   2000
  10642	   1336
  10643	   1209
  10644	   1000
  10653	   1250
  10692	   1759
  10693	   1035
  10694	   1891
  10696	   1777
  10698	   2000
  10700	   1357
  10702	   1068
  10704	   1335
  10706	   1207
  10707	   1151
  10708	   1015
  10709	   1099
  10710	   1475
  10711	   1175
  10712	   1452
  10713	   1826
  10714	   1339
  10715	   1720
  10717	   2000
  10718	   1783
  10719	   1750
  10720	   1750
  10746	   1302
  10747	   1212
  10748	   1070
  10749	   1001
  10751	   1322
  10756	   1000
  10757	   1023
  10758	   1000
  10759	   1013
  10760	   1000
  10761	   1107
  10762	   1619
  10763	   1251
  10765	   1394
  10769	   2000
  10770	   2000
  10773	   1795
  10777	   1719
  10786	   1000
  10808	   1692
  10826	   1820
  10827	   1000
  10829	   1000
  10831	   1262
  10833	   1799
  10834	   1635
  10835	   1252
  10836	   1690
  10837	   1956
  10838	   1354
  10839	   1574
  10840	   1093
  10842	   1682
  10843	   1500
  10844	   1294
  10845	   1128
  10846	   1250
  10847	   1203
  10848	   2000
  10849	   1886
  10851	   1750
  10852	   1750
  10853	   1750
  10879	   1563
  10886	   1000
  10888	   1000
  10889	   1135
  10892	   1154
  10894	   1170
  10896	   1180
  10897	   2000
  10898	   1367
  10899	   2000
  10900	   2000
  10901	   2000
  10906	   2000
  10907	   2000
  10958	   1000
  10959	   1000
  10962	   1106
  10964	   1029
  10965	   1792
  10966	   1308
  10967	   1130
  10968	   1212
  10970	   1580
  10971	   1778
  10973	   1407
  10974	   1279
  10975	   1319
  10976	   1370
  10977	   1355
  10978	   1372
  10979	   2000
  10981	   1750
  10983	   1826
  10984	   2000
  10985	   2000
  11010	   1314
  11011	   1750
  11018	   1117
  11019	   1000
  11024	   1269
  11026	   1278
  11027	   2000
  11028	   1291
  11030	   1086
  11031	   2000
  11034	   2000
  11035	   2000
  11048	   1041
  11089	   1000
  11090	   1000
  11091	   1000
  11092	   1000
  11093	   1000
  11094	   1000
  11095	   1000
  11096	   1000
  11098	   1000
  11099	   1211
  11100	   1750
  11103	   1129
  11104	   1668
  11105	   1832
  11107	   1774
  11108	   1394
  11109	   1387
  11114	   2000
  11115	   2000
  11142	   1823
  11146	   1075
  11147	   1030
  11149	   1000
  11151	   1000
  11153	   1000
  11156	   1000
  11158	   1235
  11160	   1121
  11162	   1657
  11165	   1760
  11176	   1000
  11215	   1094
  11219	   1000
  11220	   1503
  11221	   1285
  11222	   1000
  11223	   1353
  11224	   1000
  11225	   1196
  11226	   1186
  11227	   1204
  11228	   1295
  11229	   1500
  11230	   1318
  11231	   1274
  11232	   1458
  11233	   1732
  11234	   1904
  11237	   1801
  11238	   1799
  11239	   2000
  11268	   1862
  11270	   1000
  11273	   1845
  11274	   1142
  11275	   1758
  11277	   1000
  11279	   1000
  11281	   1000
  11284	   1000
  11286	   1000
  11288	   1000
  11290	   1000
  11291	   2000
  11292	   2000
  11300	   1500
  11319	   1539
  11320	   1980
  11333	   1528
  11334	   1220
  11338	   1596
  11339	   1803
  11340	   1025
  11344	   1683
  11345	   1000
  11349	   1000
  11350	   1790
  11351	   1302
  11352	   1728
  11354	   1849
  11355	   1415
  11356	   1500
  11357	   1500
  11358	   1500
  11359	   1860
  11362	   2000
  11364	   2000
  11393	   1000
  11395	   1000
  11396	   1001
  11397	   1261
  11398	   1420
  11399	   1500
  11400	   1642
  11403	   1000
  11405	   1000
  11407	   1000
  11410	   1000
  11412	   1000
  11414	   1000
  11416	   1000
  11453	   1193
  11454	   1897
  11455	   1137
  11457	   1262
  11458	   1500
  11459	   1197
  11461	   1803
  11462	   1251
  11463	   1500
  11464	   1461
  11465	   1500
  11466	   1491
  11468	   1303
  11469	   1000
  11470	   1000
  11474	   1866
  11475	   1861
  11480	   1689
  11481	   1539
  11482	   1757
  11484	   1252
  11485	   1935
  11488	   1704
  11517	   1000
  11518	   1000
  11519	   1107
  11520	   1364
  11521	   1501
  11522	   1500
  11523	   1991
  11528	   1000
  11530	   1000
  11532	   1000
  11535	   1000
  11537	   1000
  11538	   1000
  11539	   1000
  11550	   1250
  11551	   1750
  11576	   1221
  11577	   1069
  11578	   1557
  11579	   1500
  11580	   1257
  11581	   1268
  11582	   1171
  11583	   1243
  11584	   1256
  11585	   1750
  11587	   1273
  11588	   1500
  11589	   1385
  11590	   1500
  11592	   1741
  11593	   1365
  11594	   1000
  11595	   1000
  11596	   1000
  11597	   1781
  11603	   1645
  11604	   2000
  11608	   1284
  11609	   1458
  11610	   1007
  11611	   1000
  11641	   1000
  11642	   1000
  11643	   1254
  11644	   1182
  11645	   1500
  11646	   1936
  11653	   1846
  11655	   1269
  11657	   1000
  11659	   1000
  11660	   1000
  11661	   1000
  11662	   1000
  11674	   1250
  11700	   1071
  11701	   1049
  11702	   1500
  11703	   1500
  11704	   1193
  11705	   1139
  11706	   1281
  11707	   1324
  11710	   1592
  11711	   1464
  11712	   1316
  11713	   1799
  11714	   1861
  11717	   1684
  11718	   1000
  11719	   1000
  11720	   1000
  11725	   1960
  11729	   1000
  11730	   1000
  11731	   1000
  11732	   1000
  11733	   1000
  11734	   1000
  11763	   1000
  11764	   1000
  11765	   1573
  11766	   1500
  11767	   1500
  11776	   1883
  11778	   1652
  11779	   1000
  11780	   1000
  11781	   1000
  11782	   1000
  11783	   1000
  11791	   1036
  11795	   1080
  11820	   1216
  11822	   1355
  11824	   1565
  11825	   1428
  11826	   1548
  11827	   1733
  11828	   1702
  11829	   1726
  11833	   1740
  11834	   1946
  11839	   1829
  11840	   1868
  11841	   1260
  11846	   1806
  11847	   1952
  11848	   1811
  11849	   1821
  11850	   1767
  11851	   1144
  11852	   1000
  11853	   1000
  11854	   1000
  11855	   1000
  11856	   1066
  11886	   1000
  11887	   1000
  11888	   1500
  11889	   1500
  11890	   1832
  11899	   1571
  11900	   1587
  11901	   1393
  11902	   1000
  11903	   1000
  11904	   1000
  11905	   1000
  11939	   1500
  11941	   1261
  11943	   1175
  11964	   1762
  11965	   1010
  11974	   1296
  11975	   1000
  11976	   1000
  11977	   1000
  11978	   1000
  11979	   1000
  12010	   1000
  12011	   1000
  12012	   1500
  12013	   1657
  12014	   1820
  12021	   1500
  12022	   1189
  12023	   1121
  12024	   1287
  12025	   1000
  12026	   1000
  12027	   1000
  12037	   1141
  12060	   1396
  12061	   1261
  12062	   1016
  12063	   1502
  12066	   1076
  12067	   1902
  12068	   1949
  12085	   1982
  12086	   1625
  12087	   1615
  12096	   1000
  12097	   1000
  12098	   1000
  12099	   1000
  12100	   1000
  12101	   1000
  12132	   1000
  12133	   1000
  12134	   1295
  12135	   1626
  12142	   1431
  12143	   1308
  12144	   1067
  12145	   1072
  12146	   1213
  12147	   1000
  12148	   1000
  12181	   1043
  12184	   1670
  12187	   1963
  12189	   1984
  12197	   1843
  12205	   1807
  12206	   1210
  12207	   1000
  12208	   1000
  12217	   1000
  12218	   1000
  12219	   1000
  12220	   1000
  12221	   1000
  12222	   1000
  12255	   1000
  12256	   1000
  12263	   1477
  12264	   1770
  12265	   1828
  12266	   1501
  12267	   1231
  12268	   1601
  12302	   1115
  12309	   2000
  12311	   2000
  12312	   1822
  12313	   1777
  12319	   1960
  12326	   1000
  12327	   1000
  12328	   1000
  12329	   1000
  12330	   1049
  12331	   1648
  12332	   1846
  12333	   1846
  12338	   1000
  12339	   1000
  12340	   1000
  12341	   1000
  12342	   1000
  12343	   1000
  12377	   1000
  12378	   1000
  12384	   1776
  12385	   2000
  12386	   1691
  12388	   1796
  12389	   1566
  12390	   1454
  12422	   1013
  12423	   1500
  12440	   1750
  12441	   1989
  12447	   1000
  12448	   1000
  12449	   1000
  12450	   1000
  12451	   1000
  12452	   1000
  12453	   1000
  12454	   1818
  12455	   1583
  12456	   1813
  12457	   1838
  12459	   1000
  12460	   1000
  12461	   1000
  12462	   1000
  12463	   1000
  12464	   1000
  12499	   1000
  12505	   2000
  12506	   2000
  12507	   1760
  12509	   1740
  12510	   1262
  12560	   1695
  12561	   1750
  12562	   1501
  12568	   1000
  12569	   1000
  12570	   1000
  12571	   1000
  12572	   1000
  12573	   1000
  12574	   1000
  12575	   1000
  12576	   1000
  12577	   1098
  12578	   1291
  12579	   1227
  12580	   1000
  12581	   1000
  12582	   1000
  12583	   1000
  12584	   1000
  12585	   1000
  12620	   1300
  12621	   1284
  12626	   1824
  12627	   2000
  12628	   2000
  12629	   2000
  12630	   1898
  12631	   1528
  12637	   1000
  12681	   1750
  12682	   1515
  12683	   1710
  12684	   1474
  12689	   1286
  12690	   1000
  12691	   1000
  12692	   1000
  12693	   1000
  12694	   1000
  12695	   1000
  12696	   1000
  12697	   1000
  12698	   1000
  12699	   1000
  12700	   1000
  12701	   1000
  12702	   1000
  12703	   1000
  12704	   1000
  12705	   1000
  12706	   1000
  12707	   1000
  12742	   1297
  12743	   1095
  12747	   2000
  12757	   1000
  12795	   1949
  12798	   1849
  12800	   1250
  12802	   1783
  12805	   1962
  12806	   1468
  12808	   1656
  12809	   1772
  12812	   1000
  12813	   1000
  12814	   1000
  12815	   1000
  12816	   1000
  12817	   1000
  12818	   1000
  12819	   1000
  12820	   1000
  12821	   1000
  12822	   1000
  12823	   1000
  12824	   1000
  12825	   1084
  12826	   1000
  12827	   1000
  12828	   1000
  12829	   1000
  12916	   2000
  12918	   2000
  12920	   2000
  12923	   1363
  12924	   1250
  12925	   1739
  12930	   1682
  12932	   1000
  12934	   1000
  12936	   1000
  12937	   1000
  12938	   1000
  12939	   1000
  12940	   1000
  12941	   1000
  12942	   1000
  12943	   1000
  12944	   1000
  12945	   1000
  12946	   1000
  12947	   1000
  12948	   1000
  12949	   1000
  12951	   1000
  12952	   1000
  12953	   1000
  12954	   1000
  13045	   1687
  13046	   1957
  13047	   1847
  13048	   1017
  13049	   1113
  13050	   1200
  13051	   1024
  13053	   1000
  13054	   1000
  13055	   1000
  13056	   1013
  13059	   1000
  13060	   1000
  13061	   1000
  13063	   1000
  13064	   1000
  13065	   1000
  13066	   1000
  13067	   1000
  13068	   1000
  13069	   1000
  13070	   1000
  13071	   1000
  13072	   1000
  13073	   1000
  13074	   1000
  13075	   1000
  13078	   1821
  13079	   1000
  13080	   1000
  13150	   1804
  13173	   1000
  13176	   1000
  13178	   1000
  13179	   1000
  13180	   1000
  13181	   1000
  13182	   1000
  13183	   1000
  13184	   1000
  13185	   1000
  13186	   1000
  13187	   1000
  13188	   1000
  13190	   1000
  13191	   1000
  13192	   1000
  13193	   1000
  13194	   1000
  13195	   1000
  13196	   1000
  13197	   1000
  13198	   1000
  13199	   1000
  13200	   1000
  13201	   1000
  13202	   1000
  13207	   1067
  13299	   1599
  13300	   1988
  13303	   1000
  13304	   1000
  13305	   1826
  13307	   1243
  13308	   1000
  13309	   1000
  13310	   1000
  13311	   1000
  13312	   1000
  13313	   1000
  13314	   1000
  13315	   1000
  13316	   1000
  13317	   1000
  13319	   1000
  13320	   1000
  13321	   1000
  13322	   1000
  13323	   1000
  13324	   1000
  13325	   1000
  13326	   1000
  13327	   1000
  13328	   1000
  13329	   1000
  13330	   1000
  13335	   1956
  13385	   1500
  13430	   1218
  13431	   1199
  13432	   1001
  13433	   1937
  13434	   1798
  13437	   1000
  13438	   1000
  13439	   1000
  13440	   1000
  13441	   1000
  13442	   1000
  13443	   1000
  13444	   1000
  13445	   1000
  13446	   1000
  13448	   1000
  13450	   1231
  13451	   1700
  13453	   1000
  13454	   1000
  13455	   1000
  13456	   1000
  13457	   1000
  13458	   1000
  13459	   1500
  13544	   1758
  13546	   2000
  13558	   1756
  13559	   1750
  13560	   1709
  13564	   1000
  13565	   1000
  13566	   1000
  13567	   1000
  13568	   1000
  13569	   1000
  13570	   1000
  13571	   1000
  13572	   1000
  13573	   1000
  13574	   1000
  13576	   1000
  13577	   1218
  13578	   1000
  13580	   1134
  13581	   1261
  13582	   1089
  13583	   1410
  13584	   1355
  13585	   1193
  13587	   1322
  13639	   1115
  13670	   1063
  13673	   1621
  13678	   2000
  13682	   1017
  13684	   1254
  13685	   1750
  13686	   1946
  13689	   1500
  13690	   1000
  13691	   1000
  13692	   1000
  13693	   1000
  13694	   1000
  13695	   1000
  13696	   1000
  13697	   1000
  13698	   1000
  13699	   1000
  13700	   1000
  13701	   1000
  13703	   1000
  13707	   1673
  13708	   1250
  13709	   1314
  13710	   1672
  13711	   1613
  13712	   1761
  13713	   1641
  13714	   1446
  13766	   1192
  13798	   1500
  13799	   1006
  13800	   1270
  13807	   1563
  13810	   1176
  13813	   2000
  13814	   1220
  13815	   1321
  13816	   1000
  13817	   1000
  13818	   1000
  13819	   1000
  13820	   1000
  13822	   1224
  13823	   1240
  13824	   1300
  13825	   1011
  13827	   1000
  13829	   1259
  13831	   1030
  13832	   1000
  13833	   1081
  13835	   1265
  13836	   1618
  13837	   1993
  13838	   1861
  13924	   1087
  13925	   1049
  13926	   1009
  13927	   1790
  13933	   1584
  13934	   1176
  13939	   1698
  13941	   1042
  13942	   1392
  13943	   1000
  13944	   1000
  13945	   1302
  13946	   1113
  13947	   1294
  13948	   1313
  13949	   1357
  13950	   1360
  13951	   1560
  13952	   1548
  13953	   1442
  13954	   1708
  13958	   1122
  13962	   1067
  13963	   1652
  14049	   1174
  14050	   1450
  14051	   1094
  14052	   1337
  14059	   1033
  14060	   1000
  14064	   1345
  14066	   1958
  14067	   1000
  14068	   1000
  14069	   1752
  14070	   1500
  14071	   1523
  14072	   1567
  14073	   1550
  14074	   1533
  14075	   1530
  14076	   1592
  14077	   1967
  14079	   2000
  14082	   1144
  14085	   1268
  14086	   1069
  14087	   1192
  14088	   1794
  14139	   1250
  14171	   1032
  14172	   1250
  14173	   1503
  14174	   1405
  14175	   1338
  14180	   1795
  14183	   1000
  14187	   1304
  14188	   1653
  14190	   1235
  14191	   1000
  14192	   1056
  14193	   1559
  14194	   1449
  14198	   2000
  14199	   1916
  14200	   1959
  14208	   1003
  14210	   1091
  14211	   1435
  14212	   1899
  14263	   1423
  14286	   1754
  14287	   1072
  14296	   1250
  14298	   1008
  14299	   1972
  14304	   1990
  14305	   1188
  14307	   1000
  14310	   1849
  14311	   1000
  14312	   1750
  14313	   1500
  14314	   1489
  14315	   1000
  14316	   1297
  14317	   1584
  14318	   1500
  14319	   1371
  14332	   1042
  14334	   1066
  14335	   1351
  14336	   1756
  14387	   1250
  14388	   1250
  14421	   1250
  14422	   1500
  14429	   1367
  14430	   1789
  14432	   1000
  14433	   1398
  14434	   1455
  14435	   1750
  14438	   1851
  14440	   1000
  14441	   1250
  14442	   1500
  14443	   1772
  14461	   1355
  14462	   1760
  14511	   1366
  14512	   1250
  14513	   1250
  14514	   1000
  14535	   1826
  14545	   1364
  14551	   1796
  14552	   1524
  14553	   1260
  14556	   1614
  14559	   1000
  14563	   1000
  14564	   1544
  14565	   1500
  14566	   1756
  14588	   1567
  14639	   1051
  14640	   1250
  14642	   1250
  14678	   1531
  14681	   1000
  14682	   1180
  14686	   1125
  14690	   1000
  14691	   1000
  14692	   1500
  14693	   1538
  14769	   1250
  14786	   1666
  14787	   1500
  14788	   1614
  14789	   1466
  14790	   1502
  14791	   1579
  14793	   1000
  14808	   1678
  14809	   1392
  14810	   1000
  14812	   1000
  14817	   1000
  14820	   1557
  14821	   1412
  14822	   1000
  14823	   1645
  14824	   1500
  14843	   1633
  14846	   1922
  14897	   1000
  14911	   2000
  14918	   1500
  14919	   1059
  14921	   1000
  14922	   1000
  14937	   1754
  14939	   1763
  14940	   1500
  14942	   1000
  14946	   1573
  14947	   1000
  14948	   1831
  14949	   1000
  14950	   1000
  14951	   1000
  14952	   1000
  14954	   1429
  14974	   2000
  14979	   1472
  15026	   1000
  15027	   1000
  15029	   1000
  15043	   1500
  15044	   1500
  15046	   1649
  15047	   1341
  15048	   1426
  15049	   1500
  15050	   1500
  15051	   1500
  15052	   1839
  15053	   1327
  15054	   1074
  15055	   1167
  15068	   1507
  15070	   1858
  15073	   1500
  15074	   1344
  15075	   1437
  15076	   1000
  15077	   1973
  15078	   1921
  15079	   1000
  15081	   1479
  15082	   1781
  15083	   1047
  15084	   1220
  15085	   1500
  15086	   1500
  15088	   1252
  15089	   1702
  15110	   1002
  15113	   1023
  15115	   1003
  15119	   1523
  15159	   1000
  15160	   1000
  15178	   1500
  15179	   1686
  15180	   1500
  15181	   1500
  15182	   1500
  15183	   1400
  15184	   1642
  15185	   1535
  15186	   1522
  15187	   1767
  15191	   1622
  15192	   1213
  15205	   1323
  15208	   1500
  15209	   1678
  15210	   1544
  15211	   1766
  15212	   1000
  15213	   1550
  15214	   1000
  15215	   1000
  15216	   1167
  15218	   1692
  15219	   1207
  15224	   1254
  15237	   1354
  15251	   1680
  15253	   1750
  15254	   1401
  15255	   1441
  15294	   1000
  15295	   1000
  15296	   1250
  15297	   1250
  15311	   1500
  15312	   1500
  15313	   1500
  15314	   1500
  15325	   1582
  15340	   1400
  15341	   1881
  15342	   1500
  15343	   1290
  15346	   1144
  15347	   1000
  15348	   1473
  15349	   1500
  15350	   1000
  15351	   2000
  15358	   1500
  15368	   1967
  15386	   1510
  15387	   1628
  15389	   1250
  15390	   1250
  15391	   1250
  15429	   1000
  15430	   1000
  15446	   1500
  15447	   1500
  15448	   1374
  15461	   1471
  15477	   1398
  15478	   1943
  15481	   1000
  15482	   1056
  15493	   1860
  15494	   1500
  15503	   1992
  15505	   1456
  15507	   1944
  15521	   1172
  15522	   1204
  15523	   1250
  15524	   1250
  15525	   2000
  15526	   1250
  15563	   1000
  15564	   1750
  15579	   1904
  15580	   1500
  15581	   1500
  15582	   1970
  15596	   1802
  15597	   1285
  15598	   1174
  15611	   1651
  15612	   1941
  15614	   1500
  15615	   1000
  15616	   1157
  15628	   1394
  15629	   1428
  15638	   1043
  15640	   1500
  15641	   1203
  15642	   1500
  15658	   1190
  15659	   1497
  15661	   1129
  15662	   1602
  15663	   1005
  15701	   1000
  15713	   1500
  15714	   1969
  15716	   1500
  15717	   1500
  15733	   2000
  15734	   2000
  15735	   1758
  15736	   1440
  15751	   1390
  15753	   1062
  15754	   1940
  15765	   1615
  15766	   1288
  15767	   1390
  15775	   1500
  15777	   1465
  15778	   1380
  15779	   1046
  15791	   1000
  15794	   1121
  15795	   1027
  15796	   1000
  15797	   1995
  15798	   1000
  15799	   1390
  15800	   2000
  15837	   1077
  15848	   1500
  15849	   1860
  15850	   1500
  15851	   1500
  15852	   1500
  15870	   1810
  15872	   1384
  15888	   1237
  15900	   1839
  15901	   1430
  15902	   1472
  15908	   1524
  15909	   1174
  15910	   1306
  15911	   1500
  15924	   1284
  15925	   1000
  15926	   1000
  15929	   1000
  15930	   1000
  15931	   1000
  15933	   1011
  15934	   1926
  15935	   1674
  15936	   1774
  15937	   1762
  15978	   1250
  15980	   1750
  15981	   1907
  15983	   1500
  15985	   2000
  15986	   1804
  15987	   1612
  16007	   1920
  16008	   1826
  16036	   1978
  16037	   1901
  16038	   1500
  16044	   1523
  16045	   1250
  16046	   1250
  16047	   1216
  16060	   1000
  16064	   1366
  16067	   1000
  16068	   1004
  16069	   1277
  16070	   1000
  16071	   1044
  16072	   1531
  16073	   1515
  16116	   1500
  16117	   1500
  16141	   2000
  16142	   2000
  16143	   1992
  16169	   1491
  16170	   1500
  16175	   1577
  16176	   1103
  16177	   2000
  16178	   1361
  16191	   1000
  16200	   1000
  16201	   1263
  16203	   1000
  16204	   1000
  16205	   1000
  16206	   1477
  16244	   1250
  16273	   2000
  16276	   1662
  16302	   1420
  16303	   1500
  16307	   2000
  16308	   1500
  16309	   1514
  16322	   1271
  16333	   1524
  16335	   1336
  16336	   1192
  16337	   1000
  16338	   1000
  16339	   1587
  16376	   1000
  16382	   1957
  16407	   2000
  16436	   1500
  16437	   1500
  16440	   1416
  16441	   1256
  16442	   1576
  16456	   1000
  16465	   1730
  16466	   1733
  16467	   1604
  16468	   1722
  16469	   1793
  16470	   1531
  16471	   1078
  16472	   1000
  16545	   1653
  16551	   1003
  16570	   1750
  16571	   1500
  16574	   1493
  16575	   1288
  16576	   1366
  16577	   1736
  16591	   1000
  16596	   1250
  16602	   1733
  16603	   1623
  16604	   1557
  16608	   1000
  16679	   1803
  16680	   1593
  16681	   1383
  16686	   1221
  16688	   1180
  16689	   1000
  16705	   1254
  16706	   1500
  16707	   1500
  16710	   1500
  16711	   1517
  16712	   1509
  16726	   1000
  16745	   1000
  16814	   1895
  16815	   2000
  16817	   1918
  16821	   1518
  16823	   1387
  16840	   1953
  16841	   1500
  16843	   1965
  16844	   1500
  16845	   1588
  16846	   1554
  16847	   1759
  16860	   1000
  16865	   1165
  16878	   1966
  16879	   1136
  16880	   1000
  16949	   1750
  16954	   1500
  16955	   1798
  16956	   1257
  16974	   1500
  16975	   2000
  16976	   1286
  16977	   1500
  16978	   1656
  16979	   1619
  16993	   1000
  16994	   1021
  16998	   1250
  17001	   1973
  17014	   1030
  17015	   1000
  17085	   2000
  17088	   1486
  17090	   1320
  17091	   1355
  17108	   1962
  17110	   1500
  17111	   1500
  17112	   1500
  17113	   1500
  17114	   1494
  17128	   1000
  17133	   1678
  17139	   1538
  17149	   1137
  17221	   1826
  17222	   1930
  17225	   1728
  17226	   1345
  17243	   1617
  17244	   1500
  17245	   1500
  17246	   1500
  17247	   1500
  17248	   1264
  17249	   1760
  17265	   1000
  17266	   1000
  17268	   1068
  17270	   1250
  17283	   1047
  17285	   1330
  17357	   2000
  17361	   1118
  17371	   1576
  17379	   1500
  17380	   1500
  17381	   1500
  17382	   1500
  17383	   1500
  17384	   1304
  17402	   1000
  17495	   1948
  17496	   1667
  17509	   1819
  17512	   2000
  17513	   2000
  17514	   1851
  17515	   1938
  17516	   1526
  17517	   1500
  17518	   1500
  17519	   1500
  17634	   1277
  17641	   1500
  17642	   1548
  17644	   1750
  17645	   2000
  17647	   1883
  17648	   1824
  17649	   1952
  17650	   1942
  17652	   1500
  17653	   1500
  17654	   1500
  17655	   1283
  17674	   1032
  17695	   1181
  17697	   1229
  17769	   2000
  17771	   2000
  17772	   1720
  17780	   1435
  17781	   1828
  17783	   1750
  17784	   1859
  17786	   1954
  17792	   1500
  17793	   1500
  17794	   1500
  17795	   1500
  17796	   2000
  17814	   1000
  17815	   1000
  17912	   2000
  17914	   1800
  17921	   1494
  17924	   1750
  17932	   1500
  17933	   1500
  17934	   1500
  17935	   1500
  17953	   1000
  17954	   1000
  17955	   1250
  17958	   1250
  18054	   2000
  18056	   1872
  18057	   1496
  18061	   1000
  18064	   1242
  18067	   1750
  18075	   1500
  18076	   1500
  18077	   1500
  18078	   1500
  18079	   1500
  18096	   1000
  18097	   1000
  18121	   1610
  18122	   1045
  18124	   1453
  18198	   2000
  18200	   1584
  18210	   1816
  18211	   1750
  18212	   1750
  18221	   1500
  18222	   1500
  18224	   1500
  18240	   1000
  18241	   1000
  18246	   1714
  18358	   1409
  18359	   1750
  18360	   1750
  18367	   1624
  18369	   1500
  18370	   1500
  18371	   1362
  18373	   1750
  18388	   1000
  18389	   1085
  18405	   2000
  18406	   2000
  18407	   2000
  18408	   2000
  18409	   2000
  18410	   2000
  18417	   2000
  18500	   1500
  18508	   1920
  18509	   1318
  18510	   1802
  18516	   1619
  18517	   1571
  18518	   1500
  18519	   1500
  18520	   1500
  18521	   1973
  18537	   1000
  18538	   1000
  18539	   1000
  18561	   2000
  18562	   2000
  18563	   2000
  18567	   1801
  18568	   1022
  18571	   1289
  18654	   1000
  18658	   1989
  18659	   1449
  18660	   1966
  18667	   1712
  18668	   1562
  18669	   1500
  18670	   1500
  18671	   1500
  18672	   1797
  18687	   1276
  18688	   1000
  18689	   1000
  18714	   2000
  18715	   2000
  18716	   2000
  18718	   1532
  18802	   1195
  18807	   1449
  18808	   1489
  18813	   1924
  18815	   1750
  18818	   1500
  18819	   1500
  18820	   1500
  18821	   1525
  18837	   1000
  18865	   1953
  18866	   2000
  18869	   1217
  18953	   1246
  18959	   1250
  18960	   1547
  18964	   1750
  18965	   1750
  18966	   1750
  18968	   1500
  18969	   1500
  18970	   1500
  18971	   1500
  18972	   1256
  18973	   1292
  18989	   1000
  18995	   1488
  19018	   2000
  19021	   1610
  19024	   1975
  19103	   1162
  19110	   1628
  19114	   1750
  19115	   1750
  19116	   1750
  19117	   1500
  19118	   1500
  19120	   1556
  19121	   1500
  19122	   1500
  19123	   1349
  19139	   1000
  19169	   2000
  19170	   2000
  19176	   1512
  19252	   1803
  19256	   1278
  19267	   1750
  19268	   1750
  19274	   1500
  19275	   1500
  19277	   1400
  19293	   1000
  19326	   2000
  19327	   2000
  19328	   1823
  19329	   1690
  19408	   1109
  19412	   1527
  19423	   1750
  19431	   1500
  19432	   1500
  19448	   1058
  19482	   2000
  19485	   1628
  19566	   1122
  19576	   1809
  19577	   1860
  19578	   1318
  19582	   1517
  19586	   1500
  19587	   1500
  19588	   1500
  19603	   1000
  19638	   2000
  19641	   1969
  19733	   1061
  19739	   1750
  19740	   1750
  19741	   1750
  19742	   1500
  19744	   1444
  19745	   1675
  19760	   1000
  19885	   1022
  19894	   1750
  19895	   1600
  19900	   1500
  19901	   1500
  19914	   1336
  19915	   1000
  20037	   1172
  20047	   1750
  20055	   1500
  20068	   1000
  20095	   1500
  20108	   1750
  20109	   1371
  20112	   1688
  20199	   1478
  20201	   1750
  20209	   1673
  20220	   1201
  20222	   1000
  20250	   1500
  20251	   1500
  20252	   1500
  20253	   1500
  20268	   1774
  20345	   1843
  20355	   1750
  20356	   1674
  20375	   1000
  20377	   1000
  20409	   1500
  20410	   1500
  20422	   1287
  20425	   1437
  20515	   1441
  20535	   1000
  20537	   1000
  20539	   1250
  20540	   1750
  20541	   1960
  20583	   1264
  20676	   1737
  20694	   1000
  20695	   1750
  20696	   1916
  20698	   1155
  20699	   1250
  20700	   1906
  20701	   1985
  20732	   1500
  20745	   1065
  20749	   1100
  20824	   1265
  20837	   1257
  20855	   1000
  20859	   1250
  20861	   2000
  20862	   2000
  20893	   1500
  20896	   2000
  20897	   2000
  20907	   1401
  20911	   1029
  20912	   1250
  20913	   1273
  20986	   1509
  21004	   1760
  21018	   1000
  21020	   1250
  21023	   2000
  21025	   2000
  21056	   1500
  21057	   2000
  21058	   1697
  21059	   2000
  21065	   1750
  21073	   1013
  21074	   1261
  21076	   1313
  21077	   1890
  21149	   1332
  21169	   1800
  21180	   1000
  21181	   1750
  21184	   1250
  21188	   2000
  21220	   1500
  21221	   1661
  21229	   1500
  21233	   1409
  21238	   1033
  21241	   1568
  21242	   1617
  21333	   1260
  21347	   1471
  21348	   1699
  21390	   1706
  21391	   1663
  21395	   1301
  21396	   1443
  21397	   1488
  21398	   1204
  21405	   1031
  21406	   1182
  21407	   1612
  21408	   1721
  21412	   1977
  21485	   1574
  21510	   1179
  21511	   1250
  21547	   1789
  21648	   1001
  21672	   1000
  21673	   1000
  21674	   1540
  21746	   1610
  21747	   1509
  21748	   1873
  21841	   1000
  22004	   1000
  22006	   1000
  22145	   1979
  22151	   1075
  22166	   1250
  22167	   1750
  22168	   1000
  22217	   1032
  22218	   1031
  22222	   1272
  22223	   1586
  22224	   1652
  22225	   1493
  22231	   1017
  22232	   1042
  22233	   1774
  22234	   1542
  22236	   1537
  22237	   1723
  22238	   1124
  22241	   1485
  22308	   1028
  22309	   1897
  22314	   1270
  22330	   1500
  22331	   1022
  22332	   1000
  22333	   1250
  22380	   1543
  22381	   1422
  22382	   1660
  22384	   1301
  22385	   1128
  22386	   1111
  22387	   1820
  22391	   1421
  22394	   1001
  22395	   1984
  22396	   1929
  22397	   1804
  22398	   1971
  22400	   1520
  22401	   1500
  22402	   1902
  22404	   2000
  22405	   1778
  22414	   1792
  22473	   1120
  22474	   1642
  22475	   1453
  22477	   1612
  22480	   1497
  22484	   1060
  22496	   1000
  22497	   1000
  22498	   1000
  22500	   1750
  22501	   1500
  22547	   1260
  22551	   1802
  22552	   1803
  22553	   1988
  22559	   1484
  22560	   1000
  22561	   1087
  22562	   1409
  22563	   1500
  22564	   1386
  22565	   1625
  22566	   1750
  22567	   1521
  22569	   1574
  22570	   1535
  22572	   1915
  22575	   1643
  22580	   1067
  22638	   1481
  22639	   1668
  22640	   1250
  22649	   1035
  22661	   1000
  22662	   1000
  22664	   1000
  22666	   1250
  22714	   1657
  22723	   1415
  22725	   1509
  22726	   1308
  22729	   1750
  22732	   2000
  22733	   1709
  22737	   2000
  22741	   1532
  22742	   1179
  22747	   1202
  22748	   1642
  22798	   1532
  22799	   1250
  22800	   1291
  22801	   1003
  22810	   1222
  22822	   1000
  22823	   1000
  22824	   1000
  22825	   1000
  22868	   1976
  22874	   1127
  22882	   1034
  22883	   1876
  22884	   1919
  22891	   2000
  22892	   2000
  22894	   1913
  22900	   1308
  22901	   1958
  22906	   1267
  22907	   1481
  22908	   1565
  22957	   1866
  22958	   1500
  22959	   1292
  22960	   1243
  22961	   1023
  22970	   1290
  22980	   1000
  22983	   1000
  22984	   1000
  23025	   1272
  23036	   1133
  23037	   1510
  23038	   1794
  23041	   1500
  23042	   1316
  23058	   2000
  23059	   2000
  23061	   1549
  23069	   1389
  23117	   1401
  23118	   1577
  23119	   1088
  23120	   1000
  23139	   1523
  23140	   1190
  23144	   1000
  23145	   1489
  23146	   1241
  23188	   1548
  23198	   1266
  23199	   1500
  23200	   1500
  23201	   1500
  23202	   1418
  23216	   2000
  23217	   1804
  23218	   2000
  23219	   2000
  23228	   1906
  23271	   1500
  23272	   1085
  23273	   1527
  23274	   1005
  23275	   1750
  23276	   1530
  23283	   1718
  23297	   1500
  23298	   1500
  23302	   1000
  23303	   1000
  23304	   1250
  23348	   1204
  23356	   1003
  23357	   1257
  23358	   1256
  23359	   1695
  23360	   1966
  23373	   1844
  23374	   2000
  23388	   1136
  23433	   1904
  23434	   1378
  23440	   1151
  23459	   1500
  23460	   1500
  23465	   1000
  23466	   1250
  23511	   1227
  23513	   1222
  23515	   1027
  23516	   1331
  23517	   1059
  23518	   1082
  23519	   1224
  23520	   1462
  23521	   1720
  23597	   1052
  23606	   1707
  23607	   1535
  23608	   1625
  23623	   1538
  23624	   1500
  23629	   1000
  23630	   1000
  23631	   1250
  23679	   1860
  23680	   1323
  23681	   1453
  23682	   1455
  23683	   1252
  23684	   1322
  23685	   1500
  23686	   1857
  23723	   1047
  23758	   1521
  23759	   1814
  23760	   1056
  23761	   1234
  23762	   1215
  23766	   1602
  23789	   1750
  23790	   1500
  23796	   1000
  23797	   1000
  23848	   1804
  23849	   1502
  23850	   1310
  23851	   1332
  23852	   1582
  23883	   1142
  23888	   1058
  23890	   1314
  23891	   1504
  23923	   1533
  23925	   1097
  23954	   1750
  23955	   1500
  23962	   1000
  24012	   1846
  24013	   1834
  24014	   1801
  24015	   1391
  24016	   1314
  24017	   1548
  24018	   1662
  24019	   1959
  24048	   1019
  24056	   1219
  24087	   1836
  24088	   1664
  24119	   1251
  24120	   1500
  24127	   1750
  24128	   1000
  24172	   1793
  24178	   1671
  24179	   1555
  24180	   1426
  24181	   1572
  24182	   1667
  24183	   1807
  24184	   1962
  24212	   1239
  24216	   1084
  24284	   1500
  24285	   1993
  24293	   1000
  24294	   1000
  24336	   1000
  24344	   1886
  24345	   1579
  24346	   1458
  24347	   1598
  24348	   1979
  24350	   1827
  24351	   1849
  24352	   1573
  24353	   1521
  24354	   1442
  24355	   1384
  24356	   1375
  24357	   1724
  24359	   1372
  24361	   1864
  24380	   1280
  24383	   1328
  24451	   1500
  24461	   1000
  24462	   1000
  24514	   1459
  24515	   1330
  24516	   1340
  24517	   1407
  24518	   1540
  24519	   1470
  24520	   1264
  24521	   1412
  24522	   1436
  24523	   1486
  24524	   1450
  24525	   1420
  24526	   1531
  24527	   1443
  24528	   1589
  24529	   1554
  24530	   1949
  24531	   1750
  24532	   1631
  24550	   1322
  24590	   1817
  24618	   1500
  24629	   1000
  24630	   1000
  24671	   1003
  24684	   1842
  24685	   1538
  24686	   1320
  24687	   1269
  24688	   1290
  24689	   1570
  24690	   1921
  24694	   1782
  24695	   1486
  24696	   1407
  24698	   1406
  24699	   1378
  24700	   1770
  24701	   1332
  24702	   1371
  24703	   1268
  24786	   1500
  24787	   1750
  24797	   1000
  24798	   1000
  24839	   1000
  24842	   1310
  24863	   1459
  24865	   1452
  24866	   1480
  24867	   1398
  24868	   1385
  24869	   1468
  24870	   1292
  24871	   1500
  24891	   1101
  24954	   1250
  24955	   1500
  24965	   1929
  24966	   1000
  24967	   1131
  25010	   1406
  25036	   1582
  25037	   1431
  25038	   1862
  25039	   1375
  25040	   1253
  25052	   1297
  25053	   2000
  25125	   1750
  25126	   1362
  25137	   1000
  25138	   1000
  25180	   1054
  25205	   1590
  25206	   1461
  25208	   1422
  25209	   1395
  25221	   1500
  25222	   1266
  25294	   1750
  25295	   1750
  25306	   1000
  25307	   1000
  25348	   1039
  25377	   1410
  25378	   1324
  25389	   1724
  25390	   1256
  25391	   1251
  25463	   1750
  25474	   1000
  25475	   1000
  25476	   1250
  25516	   1459
  25544	   1594
  25555	   1254
  25556	   1309
  25557	   1315
  25566	   1330
  25570	   1199
  25630	   1750
  25642	   1000
  25643	   1000
  25682	   1421
  25719	   1455
  25720	   1717
  25721	   1271
  25723	   1292
  25799	   1750
  25800	   1750
  25811	   1000
  25812	   1000
  25813	   1000
  25851	   1482
  25888	   1289
  25889	   1262
  25890	   1280
  25967	   1750
  25968	   1750
  25979	   1000
  25980	   1000
  25981	   1000
  26016	   1278
  26019	   1545
  26054	   1579
  26055	   1286
  26056	   1306
  26057	   2000
  26069	   1856
  26131	   1750
  26132	   1750
  26144	   1250
  26146	   1000
  26180	   1843
  26183	   1536
  26218	   2000
  26219	   1298
  26220	   1289
  26221	   1327
  26232	   1844
  26293	   1750
  26294	   1750
  26295	   1699
  26307	   1000
  26308	   1159
  26344	   1501
  26377	   1396
  26378	   1325
  26380	   1587
  26450	   1750
  26451	   1750
  26464	   1000
  26465	   1000
  26498	   1790
  26499	   1972
  26503	   1465
  26530	   1523
  26538	   1395
  26539	   1604
  26550	   1059
  26611	   1750
  26612	   1750
  26625	   1957
  26626	   1000
  26658	   1492
  26663	   1250
  26692	   1465
  26693	   1446
  26700	   1448
  26701	   1909
  26711	   1317
  26772	   1750
  26773	   1750
  26786	   1000
  26787	   1000
  26817	   1360
  26851	   1420
  26852	   1510
  26853	   1382
  26931	   1750
  26932	   1750
  26945	   1325
  26946	   1000
  27010	   1975
  27011	   1666
  27012	   1366
  27013	   1406
  27029	   1281
  27089	   1750
  27090	   1750
  27103	   1000
  27167	   1845
  27168	   1588
  27169	   1500
  27196	   1495
  27197	   1848
  27246	   1750
  27247	   1962
  27260	   1000
  27261	   1000
  27295	   1873
  27327	   1865
  27328	   1500
  27329	   2000
  27355	   1353
  27356	   1500
  27406	   1750
  27407	   1750
  27421	   1000
  27448	   1116
  27449	   1214
  27450	   1622
  27455	   1278
  27457	   1586
  27484	   1688
  27485	   1519
  27511	   1358
  27512	   1356
  27563	   1750
  27564	   1750
  27565	   1750
  27577	   1000
  27611	   1000
  27612	   1000
  27613	   1716
  27638	   2000
  27639	   1500
  27665	   1025
  27666	   1285
  27667	   1501
  27668	   1500
  27721	   1750
  27733	   1000
  27734	   1000
  27770	   1939
  27772	   1775
  27794	   1963
  27795	   1337
  27796	   2000
  27822	   1117
  27823	   1198
  27824	   1188
  27825	   1500
  27882	   1750
  27892	   1073
  27893	   1000
  27894	   1000
  27916	   1129
  27926	   1790
  27948	   1500
  27949	   1427
  27950	   1368
  27977	   1794
  27978	   1250
  27979	   1360
  27980	   1412
  27981	   1428
  27986	   2001
  28039	   1750
  28049	   1000
  28063	   1097
  28064	   1500
  28065	   1402
  28102	   1384
  28103	   1320
  28131	   1775
  28132	   1195
  28133	   1344
  28134	   1455
  28135	   1500
  28195	   1750
  28205	   1000
  28206	   1000
  28224	   1303
  28225	   1793
  28226	   1502
  28231	   1551
  28257	   1750
  28258	   1750
  28259	   1750
  28260	   1616
  28287	   1400
  28288	   1763
  28289	   1500
  28290	   1526
  28291	   1500
  28292	   1675
  28352	   1750
  28353	   1750
  28362	   1965
  28363	   1000
  28364	   1367
  28389	   1268
  28415	   1750
  28416	   1750
  28417	   2000
  28443	   1337
  28445	   1500
  28446	   1637
  28447	   1334
  28448	   1500
  28510	   1750
  28511	   1750
  28520	   1000
  28521	   1000
  28531	   1593
  28572	   1738
  28573	   1750
  28574	   1750
  28575	   1750
  28576	   1679
  28589	   2000
  28600	   1559
  28601	   1433
  28602	   1611
  28603	   1500
  28668	   1750
  28669	   1750
  28670	   1907
  28677	   1000
  28678	   1000
  28679	   1000
  28694	   1000
  28695	   1701
  28700	   1890
  28729	   1948
  28730	   1750
  28731	   1520
  28732	   1750
  28733	   1530
  28753	   1477
  28755	   1307
  28756	   1411
  28757	   1621
  28758	   1123
  28827	   2000
  28835	   1448
  28836	   1000
  28837	   1371
  28848	   1676
  28851	   1014
  28852	   1603
  28891	   1750
  28892	   1750
  28893	   1750
  28894	   1545
  28905	   2000
  28910	   1616
  28912	   1118
  28913	   1250
  28914	   1425
  28915	   1837
  28916	   1832
  28987	   2000
  28996	   1250
  29006	   1866
  29009	   1029
  29010	   1707
  29046	   2000
  29049	   2000
  29050	   1750
  29051	   1750
  29065	   1497
  29067	   1211
  29068	   1250
  29069	   1244
  29079	   1277
  29142	   2000
  29143	   1790
  29150	   1000
  29151	   1000
  29162	   1981
  29166	   1565
  29167	   1809
  29201	   1916
  29204	   1750
  29205	   1750
  29206	   1731
  29217	   1738
  29221	   1560
  29222	   1250
  29223	   1250
  29234	   1000
  29242	   1875
  29298	   2000
  29305	   1000
  29306	   1000
  29321	   1424
  29322	   1762
  29356	   1592
  29358	   1642
  29359	   1750
  29360	   1750
  29375	   1948
  29376	   1250
  29377	   1250
  29379	   2000
  29387	   1462
  29391	   1217
  29392	   1506
  29396	   1888
  29452	   2000
  29459	   1000
  29460	   1000
  29474	   1500
  29475	   1491
  29476	   1684
  29509	   1552
  29511	   1563
  29512	   1618
  29529	   1250
  29530	   1250
  29531	   2000
  29543	   1127
  29544	   1591
  29545	   1057
  29607	   2000
  29613	   1663
  29614	   1000
  29627	   1629
  29628	   1484
  29629	   1824
  29663	   1655
  29664	   1750
  29678	   2000
  29679	   1560
  29682	   1810
  29683	   1522
  29684	   1826
  29698	   1739
  29699	   1781
  29700	   1000
  29705	   1741
  29763	   2000
  29770	   1000
  29780	   1652
  29783	   1284
  29784	   1080
  29818	   1573
  29819	   1609
  29831	   1768
  29833	   1750
  29836	   1750
  29845	   1334
  29851	   1546
  29852	   1414
  29859	   1590
  29917	   2000
  29924	   1000
  29934	   1859
  29939	   1005
  29940	   1456
  29941	   1750
  29943	   1750
  29944	   1717
  29945	   1750
  29946	   1645
  29975	   1651
  29987	   1750
  30008	   1000
  30009	   1615
  30073	   2000
  30080	   1000
  30083	   1818
  30085	   1942
  30086	   1959
  30089	   1674
  30095	   1500
  30096	   1555
  30097	   1750
  30098	   1750
  30099	   1801
  30101	   1796
  30103	   1750
  30104	   1671
  30105	   1640
  30129	   2000
  30130	   2000
  30141	   1582
  30142	   1750
  30163	   1286
  30164	   1281
  30228	   2000
  30233	   1798
  30234	   1000
  30235	   1690
  30236	   1747
  30237	   1595
  30238	   1500
  30239	   1750
  30240	   1750
  30241	   1924
  30242	   1565
  30249	   1322
  30251	   1533
  30252	   1750
  30259	   1601
  30260	   1750
  30270	   1778
  30273	   1761
  30295	   1750
  30296	   1750
  30308	   1108
  30314	   1000
  30318	   1890
  30320	   2000
  30382	   2000
  30387	   1744
  30389	   1078
  30390	   1341
  30391	   1250
  30392	   1363
  30395	   1694
  30413	   1750
  30414	   1589
  30415	   1641
  30420	   1899
  30422	   1750
  30423	   1634
  30424	   1520
  30425	   1566
  30427	   1750
  30428	   1750
  30448	   1750
  30461	   1743
  30470	   1318
  30473	   1872
  30539	   2000
  30543	   1920
  30547	   1250
  30548	   1574
  30551	   1674
  30571	   1750
  30576	   1750
  30577	   1750
  30578	   1853
  30579	   1750
  30580	   1750
  30581	   1750
  30582	   1750
  30583	   1750
  30584	   1750
  30585	   1750
  30586	   1750
  30590	   1703
  30603	   1750
  30623	   1870
  30624	   1299
  30625	   1039
  30629	   2000
  30695	   2000
  30698	   1198
  30702	   1212
  30704	   1950
  30705	   1750
  30706	   1864
  30731	   1750
  30733	   1750
  30734	   1750
  30739	   2000
  30744	   1889
  30745	   2000
  30746	   1750
  30747	   1750
  30748	   1681
  30761	   1750
  30774	   1906
  30782	   1850
  30783	   1279
  30787	   1910
  30855	   2000
  30858	   1269
  30863	   1794
  30865	   1807
  30892	   1600
  30903	   2000
  30904	   2000
  30906	   1750
  30907	   1750
  30932	   1963
  30938	   1046
  30939	   1535
  30944	   1920
  30945	   2000
  31014	   2000
  31016	   1607
  31020	   1267
  31063	   1991
  31065	   2000
  31096	   1055
  31102	   1943
  31103	   1850
  31172	   1805
  31176	   1301
  31182	   1164
  31247	   1618
  31253	   1187
  31260	   1750
  31261	   1947
  31329	   1994
  31331	   1057
  31403	   1534
  31409	   1368
  31416	   1618
  31417	   1521
  31486	   1775
  31489	   1288
  31492	   1170
  31495	   1263
  31496	   1125
  31497	   1130
  31498	   1364
  31560	   1505
  31566	   1889
  31573	   1791
  31574	   1750
  31646	   1956
  31651	   1116
  31654	   1588
  31655	   1615
  31656	   1487
  31657	   1770
  31718	   1219
  31724	   1955
  31732	   1797
  31733	   1750
  31812	   1000
  31817	   1831
  31818	   1525
  31878	   1031
  31884	   1750
  31894	   1750
  31895	   1750
  31896	   1693
  31969	   1786
  31970	   1786
  31975	   1633
  31978	   1750
  31979	   1959
  31980	   1638
  31981	   1723
  32059	   1429
  32060	   1500
  32135	   1837
  32139	   1101
  32140	   1599
  32143	   1599
  32144	   1603
  32145	   1750
  32146	   1536
  32226	   1631
  32302	   1753
  32311	   1750
  32312	   1601
  32313	   1655
  32474	   1566
  32479	   1750
  32563	   2000
  32646	   1864
  32647	   1750
  32648	   1877
  32731	   1026
  32732	   1014
  32802	   1738
  32806	   1347
  32815	   1591
  32816	   1509
  32900	   1307
  32972	   1767
  32973	   1882
  32975	   1050
  32976	   1689
  32977	   1840
  32988	   1840
  32989	   1588
  33071	   1472
  33140	   1513
  33158	   1750
  33230	   1840
  33233	   1987
  33238	   1455
  33309	   1400
  33324	   1838
  33325	   1907
  33326	   1750
  33398	   1636
  33399	   1687
  33404	   1532
  33475	   1864
  33477	   1027
  33491	   1750
  33492	   1512
  33559	   1959
  33561	   1908
  33562	   1565
  33563	   1834
  33565	   1792
  33567	   2000
  33569	   1355
  33645	   1298
  33647	   1250
  33654	   1916
  33659	   1507
  33660	   1985
  33724	   1937
  33725	   1766
  33726	   1807
  33727	   1662
  33728	   2000
  33729	   2000
  33731	   1538
  33734	   1372
  33806	   1000
  33807	   1000
  33809	   1000
  33812	   1250
  33813	   1319
  33821	   1106
  33822	   1368
  33826	   1922
  33827	   1658
  33828	   1750
  33891	   1816
  33892	   2000
  33893	   1948
  33894	   1910
  33896	   1926
  33898	   1395
  33971	   1000
  33972	   1000
  33973	   1000
  33974	   1000
  33975	   1691
  33976	   1739
  33978	   1531
  33984	   1028
  33985	   1766
  33989	   1594
  33990	   1750
  34053	   2000
  34057	   2000
  34061	   1296
  34067	   2000
  34136	   1000
  34137	   1000
  34138	   1900
  34139	   1291
  34151	   1448
  34152	   1945
  34154	   1750
  34155	   1750
  34220	   2000
  34222	   2000
  34224	   1381
  34230	   1137
  34300	   1000
  34305	   1680
  34308	   1727
  34313	   1161
  34314	   1887
  34315	   1750
  34316	   1750
  34317	   1750
  34381	   2000
  34382	   1827
  34383	   1914
  34384	   1430
  34390	   1304
  34465	   1000
  34472	   1171
  34477	   1592
  34478	   1740
  34479	   1500
  34480	   1767
  34481	   1750
  34542	   2000
  34544	   2000
  34545	   1402
  34556	   2000
  34625	   1000
  34626	   1000
  34627	   1000
  34640	   1443
  34641	   1564
  34642	   1619
  34643	   1816
  34707	   1639
  34715	   2000
  34716	   2000
  34719	   1804
  34788	   1000
  34789	   1000
  34795	   1996
  34796	   1091
  34799	   1118
  34803	   2000
  34804	   1512
  34806	   1963
  34807	   1793
  34868	   1773
  34876	   1011
  34879	   1810
  34880	   1962
  34883	   1767
  34884	   1887
  34952	   1000
  34953	   1000
  34954	   1000
  34964	   1116
  34968	   1944
  34969	   1750
  35034	   1771
  35041	   1594
  35043	   2000
  35045	   1667
  35049	   1397
  35051	   1453
  35052	   1670
  35053	   1744
  35116	   1000
  35117	   1000
  35118	   1000
  35119	   1000
  35120	   1000
  35123	   1002
  35130	   1210
  35131	   1427
  35137	   1950
  35210	   1818
  35211	   1750
  35212	   1542
  35284	   1000
  35285	   1000
  35286	   1000
  35287	   1714
  35289	   1250
  35297	   1627
  35372	   1194
  35378	   1750
  35379	   1911
  35380	   1554
  35456	   1717
  35457	   1234
  35465	   1071
  35466	   1197
  35467	   1779
  35541	   1892
  35544	   1787
  35548	   1750
  35549	   1750
  35550	   1750
  35626	   1293
  35627	   1558
  35628	   1358
  35632	   1000
  35633	   1950
  35711	   1446
  35713	   1932
  35714	   1750
  35720	   1750
  35799	   1172
  35800	   1125
  35801	   1116
  35804	   1000
  35809	   1239
  35810	   1086
  35881	   1866
  35885	   1750
  35886	   1750
  35972	   1007
  35974	   1000
  35976	   1000
  35997	   1594
  36056	   1543
  36060	   1750
  36061	   1509
  36149	   1067
  36174	   1010
  36230	   1265
  36236	   1750
  36237	   1586
  36246	   1037
  36247	   1279
  36322	   1122
  36326	   1089
  36327	   1158
  36328	   1740
  36329	   1626
  36330	   1626
  36402	   1098
  36405	   1264
  36409	   1447
  36419	   1772
  36420	   1829
  36421	   1763
  36427	   1329
  36499	   1766
  36500	   1594
  36501	   1511
  36576	   1018
  36577	   1531
  36582	   1006
  36592	   1902
  36691	   1250
  36747	   1146
  36748	   1769
  36763	   1904
  36764	   2000
  36768	   1125
  36863	   1039
  36871	   1016
  36872	   1709
  36873	   1690
  36919	   1907
  36934	   1890
  36935	   1801
  36938	   1217
  37035	   1219
  37042	   1267
  37043	   1771
  37044	   1842
  37045	   1972
  37091	   1367
  37106	   1609
  37107	   1779
  37111	   1373
  37127	   1507
  37208	   1154
  37215	   1225
  37268	   1701
  37269	   1489
  37276	   1000
  37281	   1961
  37378	   1018
  37385	   1180
  37386	   1751
  37439	   1020
  37445	   1509
  37462	   1247
  37555	   1905
  37556	   1978
  37557	   1828
  37616	   1733
  37617	   1440
  37624	   1515
  37720	   1265
  37726	   1853
  37787	   1591
  37788	   1764
  37790	   1966
  37791	   1524
  37792	   1000
  37793	   1065
  37794	   1316
  37805	   1050
  37891	   1711
  37964	   1000
  37966	   1917
  37967	   1278
  37977	   1254
  38064	   1950
  38070	   1930
  38121	   1313
  38135	   1003
  38144	   1131
  38232	   1215
  38233	   1529
  38239	   1848
  38296	   1011
  38303	   1051
  38304	   1570
  38401	   1740
  38402	   1311
  38409	   1848
  38464	   1353
  38466	   1000
  38473	   1543
  38480	   1197
  38487	   1905
  38573	   1621
  38657	   1045
  38659	   1277
  38660	   1829
  38751	   1250
  38815	   2000
  38817	   1000
  38821	   1180
  38822	   1174
  38829	   1331
  38832	   1890
  38833	   2000
  38834	   2000
  38838	   1817
  38919	   1312
  38928	   1346
  39001	   1290
  39007	   1824
  39008	   2000
  39009	   1782
  39010	   2000
  39012	   2000
  39013	   2000
  39014	   2000
  39015	   1825
  39093	   1008
  39094	   1133
  39103	   1256
  39164	   1773
  39167	   1000
  39173	   1188
  39178	   1732
  39181	   1957
  39182	   1814
  39187	   2000
  39188	   1966
  39341	   1698
  39343	   1055
  39349	   1544
  39350	   1983
  39359	   2000
  39360	   1834
  39519	   1327
  39530	   2000
  39531	   1926
  39532	   2000
  39533	   2000
  39603	   1011
  39638	   1335
  39639	   1702
  39677	   1810
  39688	   1017
  39689	   1757
  39700	   2000
  39701	   2000
  39702	   2000
  39704	   1786
  39808	   1691
  39843	   1549
  39844	   2000
  39848	   1000
  39857	   1070
  39858	   1551
  39859	   1745
  39871	   2000
  39872	   1787
  39873	   1823
  39874	   1871
  40009	   1084
  40024	   1549
  40026	   1021
  40041	   2000
  40042	   1903
  40111	   1910
  40207	   1935
  40208	   1805
  40311	   1796
  40357	   1148
  40358	   1625
  40372	   1797
  40373	   2000
  40435	   1538
  40473	   1252
  40514	   1276
  40515	   1214
  40529	   1986
  40530	   2000
  40667	   1088
  40684	   1912
  40685	   1754
  40746	   1690
  40818	   2000
  40836	   1945
  40895	   1250
  40987	   2000
  40988	   2000
  41044	   1123
  41089	   1336
  41134	   2000
  41187	   1021
  41188	   1525
  41189	   1500
  41237	   1205
  41258	   1529
  41280	   2000
  41281	   1817
  41329	   1611
  41330	   1486
  41331	   1509
  41332	   1500
  41379	   1217
  41380	   1573
  41399	   1046
  41424	   2000
  41425	   1810
  41431	   2000
  41470	   1750
  41471	   1588
  41472	   1744
  41520	   1137
  41521	   1482
  41522	   1539
  41536	   1519
  41538	   1166
  41546	   1979
  41564	   2000
  41565	   1774
  41566	   2000
  41567	   2000
  41568	   2000
  41569	   2000
  41570	   2000
  41571	   1907
  41572	   2000
  41573	   2000
  41607	   1673
  41608	   1716
  41609	   1750
  41660	   1155
  41661	   1567
  41662	   1680
  41684	   1879
  41704	   2000
  41705	   2000
  41706	   2000
  41711	   1853
  41713	   2000
  41743	   1726
  41744	   1975
  41745	   1750
  41799	   1468
  41800	   1655
  41801	   1781
  41818	   1028
  41820	   1785
  41823	   1202
  41825	   1952
  41851	   2000
  41852	   2000
  41878	   1901
  41879	   1757
  41880	   1583
  41881	   2000
  41921	   1262
  41937	   1494
  41938	   1648
  41939	   1792
  41940	   1878
  41955	   1518
  41963	   1767
  41964	   1833
  41991	   1955
  41992	   1750
  41993	   2000
  42016	   1801
  42017	   2000
  42018	   2000
  42060	   1916
  42077	   1081
  42080	   1471
  42081	   1709
  42082	   1760
  42083	   1860
  42084	   1782
  42107	   1419
  42108	   1850
  42109	   1995
  42135	   2000
  42136	   2000
  42137	   2000
  42138	   2000
  42158	   1817
  42159	   2000
  42199	   1462
  42205	   1753
  42218	   1184
  42222	   1492
  42223	   1696
  42224	   1834
  42225	   1933
  42226	   1877
  42251	   1450
  42281	   2000
  42282	   2000
  42283	   2000
  42300	   1808
  42301	   2000
  42358	   1126
  42363	   1508
  42364	   1686
  42365	   1867
  42366	   1961
  42367	   1928
  42391	   1583
  42421	   2000
  42422	   1764
  42423	   2000
  42436	   2000
  42490	   1013
  42495	   1250
  42501	   1514
  42502	   1695
  42503	   1776
  42504	   2000
  42505	   2000
  42561	   2000
  42562	   2000
  42572	   2000
  42627	   1013
  42634	   1549
  42635	   2000
  42636	   1762
  42637	   1822
  42638	   1951
  42652	   1561
  42657	   1467
  42669	   1797
  42743	   1833
  42766	   1476
  42767	   1723
  42768	   1879
  42769	   1926
  42798	   1900
  42850	   1821
  42851	   1992
  42864	   1946
  42878	   2000
  42888	   1086
  42889	   1515
  42891	   1815
  42905	   1573
  42961	   1047
  42978	   1661
  42998	   1075
  43006	   1673
  43026	   1483
  43029	   1839
  43071	   1591
  43090	   1933
  43109	   1076
  43117	   1961
  43133	   1448
  43192	   1428
  43194	   1474
  43213	   1232
  43223	   1670
  43232	   1221
  43272	   1659
  43308	   1172
  43353	   1759
  43361	   1014
  43429	   1810
  43430	   1479
  43431	   1774
  43433	   1666
  43434	   1628
  43435	   1231
  43436	   1174
  43437	   1500
  43439	   2000
  43442	   1193
  43511	   1007
  43513	   1082
  43514	   1143
  43515	   1159
  43516	   1121
  43517	   1028
  43603	   2000
  43784	   1352
